#Wavelength in nm, Average Reflectance 350 to 2500nm by 1nm, Standard Deviation: N = 25, Decimal Hours UT: ,18.2668
     350 0.0100807 0.00188929
     351 0.0102516 0.00184465
     352 0.0103224 0.00183175
     353 0.0102898 0.00182568
     354 0.0102569 0.00178109
     355 0.0104013 0.00170611
     356 0.0103874 0.00165602
     357 0.0103082 0.00164708
     358 0.0104380 0.00164844
     359 0.0104269 0.00164478
     360 0.0103487 0.00159732
     361 0.0103315 0.00153433
     362 0.0102483 0.00152302
     363 0.0102351 0.00149329
     364 0.0102827 0.00146298
     365 0.0103638 0.00146042
     366 0.0103548 0.00146541
     367 0.0103723 0.00145259
     368 0.0103993 0.00142672
     369 0.0104756 0.00142501
     370 0.0105128 0.00144065
     371 0.0105367 0.00143926
     372 0.0105515 0.00141913
     373 0.0106904 0.00144143
     374 0.0107369 0.00145564
     375 0.0107299 0.00146550
     376 0.0107648 0.00148039
     377 0.0108468 0.00147828
     378 0.0108847 0.00147696
     379 0.0109481 0.00148809
     380 0.0111300 0.00151354
     381 0.0113017 0.00152613
     382 0.0113411 0.00152256
     383 0.0113126 0.00150920
     384 0.0115016 0.00151291
     385 0.0115671 0.00152360
     386 0.0116491 0.00152170
     387 0.0117993 0.00149760
     388 0.0119519 0.00147654
     389 0.0120373 0.00148098
     390 0.0121017 0.00148684
     391 0.0121789 0.00146049
     392 0.0122358 0.00142816
     393 0.0123717 0.00139873
     394 0.0124822 0.00137512
     395 0.0124992 0.00136701
     396 0.0126765 0.00134189
     397 0.0127906 0.00130374
     398 0.0128180 0.00126742
     399 0.0129352 0.00124248
     400 0.0130316 0.00122519
     401 0.0130438 0.00121000
     402 0.0130729 0.00120599
     403 0.0131204 0.00120734
     404 0.0131829 0.00120293
     405 0.0132643 0.00119658
     406 0.0133638 0.00119943
     407 0.0134106 0.00120483
     408 0.0134545 0.00120590
     409 0.0135779 0.00120647
     410 0.0136091 0.00120181
     411 0.0136719 0.00120821
     412 0.0136737 0.00121097
     413 0.0136704 0.00120933
     414 0.0137389 0.00122015
     415 0.0137596 0.00122003
     416 0.0138336 0.00122128
     417 0.0138656 0.00122799
     418 0.0139367 0.00123437
     419 0.0139965 0.00123991
     420 0.0140942 0.00125085
     421 0.0140931 0.00125135
     422 0.0141604 0.00125735
     423 0.0142659 0.00126835
     424 0.0142501 0.00127021
     425 0.0143335 0.00127365
     426 0.0143754 0.00127797
     427 0.0144502 0.00128844
     428 0.0145476 0.00129378
     429 0.0146658 0.00130869
     430 0.0147475 0.00132000
     431 0.0148273 0.00132651
     432 0.0149500 0.00133918
     433 0.0150389 0.00134972
     434 0.0151348 0.00135965
     435 0.0152499 0.00136874
     436 0.0153643 0.00138176
     437 0.0154522 0.00139128
     438 0.0155619 0.00140194
     439 0.0156650 0.00141531
     440 0.0157848 0.00142795
     441 0.0159277 0.00144024
     442 0.0160217 0.00144815
     443 0.0161613 0.00146790
     444 0.0162945 0.00148698
     445 0.0164033 0.00150049
     446 0.0164998 0.00150934
     447 0.0166226 0.00152187
     448 0.0167407 0.00153498
     449 0.0168441 0.00154722
     450 0.0169233 0.00155737
     451 0.0170226 0.00156839
     452 0.0171094 0.00157729
     453 0.0172322 0.00158894
     454 0.0173095 0.00159680
     455 0.0173828 0.00160380
     456 0.0174283 0.00160771
     457 0.0175044 0.00161410
     458 0.0175978 0.00161948
     459 0.0176751 0.00162560
     460 0.0177413 0.00163455
     461 0.0178142 0.00164486
     462 0.0178982 0.00164958
     463 0.0179691 0.00165298
     464 0.0180527 0.00166369
     465 0.0181590 0.00167526
     466 0.0182411 0.00168038
     467 0.0183347 0.00168452
     468 0.0184278 0.00169204
     469 0.0184958 0.00169803
     470 0.0185761 0.00170358
     471 0.0186624 0.00170914
     472 0.0187284 0.00171916
     473 0.0188277 0.00172566
     474 0.0189224 0.00173016
     475 0.0190193 0.00174130
     476 0.0191066 0.00175282
     477 0.0192065 0.00176296
     478 0.0192932 0.00176643
     479 0.0193821 0.00176363
     480 0.0194787 0.00177115
     481 0.0195982 0.00178225
     482 0.0197458 0.00179082
     483 0.0198641 0.00179981
     484 0.0200223 0.00181292
     485 0.0202219 0.00182964
     486 0.0203866 0.00184245
     487 0.0205655 0.00185081
     488 0.0207266 0.00185642
     489 0.0209064 0.00186659
     490 0.0210473 0.00187849
     491 0.0212196 0.00189288
     492 0.0214079 0.00191082
     493 0.0215990 0.00193050
     494 0.0218165 0.00193601
     495 0.0220436 0.00195001
     496 0.0222640 0.00197068
     497 0.0225019 0.00198527
     498 0.0227317 0.00200111
     499 0.0230121 0.00202448
     500 0.0232758 0.00204690
     501 0.0235379 0.00206232
     502 0.0238154 0.00207921
     503 0.0240960 0.00209977
     504 0.0243737 0.00212389
     505 0.0246306 0.00214420
     506 0.0249460 0.00216681
     507 0.0252719 0.00218765
     508 0.0255963 0.00220614
     509 0.0259325 0.00222511
     510 0.0262990 0.00225066
     511 0.0266372 0.00227863
     512 0.0270104 0.00230465
     513 0.0274013 0.00233111
     514 0.0278095 0.00235884
     515 0.0282353 0.00238678
     516 0.0286443 0.00240921
     517 0.0290939 0.00243355
     518 0.0295641 0.00246209
     519 0.0300389 0.00249806
     520 0.0304586 0.00252531
     521 0.0309069 0.00255152
     522 0.0313810 0.00257996
     523 0.0318298 0.00260558
     524 0.0323026 0.00263458
     525 0.0327583 0.00266388
     526 0.0333219 0.00270209
     527 0.0337895 0.00272975
     528 0.0342908 0.00275847
     529 0.0348033 0.00278864
     530 0.0352930 0.00282010
     531 0.0357605 0.00284704
     532 0.0362402 0.00287462
     533 0.0367280 0.00290738
     534 0.0372334 0.00293832
     535 0.0376942 0.00296611
     536 0.0381650 0.00299553
     537 0.0386249 0.00301979
     538 0.0390377 0.00304664
     539 0.0394927 0.00307856
     540 0.0399657 0.00310737
     541 0.0403396 0.00312716
     542 0.0407704 0.00315483
     543 0.0412039 0.00318396
     544 0.0415991 0.00320485
     545 0.0419038 0.00322484
     546 0.0422466 0.00324977
     547 0.0425553 0.00327016
     548 0.0428349 0.00328825
     549 0.0431750 0.00331129
     550 0.0434188 0.00332647
     551 0.0436142 0.00333670
     552 0.0439106 0.00335800
     553 0.0440709 0.00337100
     554 0.0442414 0.00338469
     555 0.0444291 0.00339715
     556 0.0445979 0.00341049
     557 0.0446278 0.00341609
     558 0.0448407 0.00343666
     559 0.0448663 0.00343815
     560 0.0448369 0.00344215
     561 0.0448761 0.00345585
     562 0.0448500 0.00345702
     563 0.0448193 0.00345853
     564 0.0447144 0.00345504
     565 0.0446205 0.00345255
     566 0.0445047 0.00345029
     567 0.0443310 0.00344193
     568 0.0441095 0.00343043
     569 0.0438331 0.00341868
     570 0.0435414 0.00340276
     571 0.0432119 0.00338632
     572 0.0428688 0.00337157
     573 0.0425602 0.00335508
     574 0.0421583 0.00333618
     575 0.0417262 0.00331540
     576 0.0412729 0.00328750
     577 0.0408071 0.00325651
     578 0.0403907 0.00323237
     579 0.0398791 0.00320480
     580 0.0393206 0.00317473
     581 0.0387670 0.00313458
     582 0.0382138 0.00309479
     583 0.0376194 0.00305802
     584 0.0370479 0.00301782
     585 0.0363927 0.00297062
     586 0.0357854 0.00292754
     587 0.0351271 0.00287936
     588 0.0344891 0.00283108
     589 0.0338526 0.00278905
     590 0.0331374 0.00274514
     591 0.0325030 0.00269756
     592 0.0318696 0.00265526
     593 0.0312712 0.00261596
     594 0.0307007 0.00257407
     595 0.0300918 0.00253767
     596 0.0295370 0.00250144
     597 0.0290426 0.00246384
     598 0.0285606 0.00242658
     599 0.0281013 0.00239507
     600 0.0276334 0.00236247
     601 0.0272053 0.00233088
     602 0.0268481 0.00230952
     603 0.0264528 0.00227894
     604 0.0261430 0.00225256
     605 0.0258063 0.00222799
     606 0.0255378 0.00221323
     607 0.0252441 0.00219372
     608 0.0249892 0.00217376
     609 0.0248028 0.00216138
     610 0.0246006 0.00214608
     611 0.0244140 0.00213393
     612 0.0242270 0.00212518
     613 0.0241126 0.00211691
     614 0.0240014 0.00210754
     615 0.0239062 0.00210070
     616 0.0237755 0.00209260
     617 0.0237163 0.00209004
     618 0.0236369 0.00208513
     619 0.0235465 0.00207818
     620 0.0235340 0.00207423
     621 0.0235120 0.00207324
     622 0.0234950 0.00207477
     623 0.0234251 0.00206933
     624 0.0234304 0.00206944
     625 0.0234338 0.00206772
     626 0.0234479 0.00206706
     627 0.0233765 0.00206318
     628 0.0233993 0.00206796
     629 0.0234095 0.00206894
     630 0.0234116 0.00206587
     631 0.0234207 0.00206524
     632 0.0234383 0.00206838
     633 0.0234358 0.00207071
     634 0.0234755 0.00207379
     635 0.0234853 0.00207200
     636 0.0235018 0.00207331
     637 0.0235109 0.00207687
     638 0.0234703 0.00207158
     639 0.0235091 0.00207434
     640 0.0235236 0.00207744
     641 0.0235397 0.00208225
     642 0.0235895 0.00208613
     643 0.0236059 0.00208754
     644 0.0236258 0.00208983
     645 0.0236585 0.00209003
     646 0.0237125 0.00209524
     647 0.0237307 0.00209813
     648 0.0238119 0.00210376
     649 0.0238775 0.00210230
     650 0.0239521 0.00210740
     651 0.0240236 0.00211714
     652 0.0240499 0.00212112
     653 0.0241860 0.00213360
     654 0.0243020 0.00214066
     655 0.0244433 0.00214667
     656 0.0246017 0.00215548
     657 0.0247002 0.00216110
     658 0.0248720 0.00217366
     659 0.0250339 0.00218387
     660 0.0252105 0.00219554
     661 0.0253824 0.00220514
     662 0.0255607 0.00221464
     663 0.0257724 0.00222927
     664 0.0259681 0.00224542
     665 0.0262105 0.00226083
     666 0.0264232 0.00226777
     667 0.0266618 0.00228568
     668 0.0269019 0.00229839
     669 0.0271419 0.00231026
     670 0.0273905 0.00232974
     671 0.0276850 0.00234749
     672 0.0279556 0.00236174
     673 0.0282454 0.00237948
     674 0.0284849 0.00239577
     675 0.0287522 0.00241248
     676 0.0290745 0.00242999
     677 0.0293389 0.00244048
     678 0.0296225 0.00245942
     679 0.0298789 0.00247862
     680 0.0301773 0.00249760
     681 0.0304387 0.00250523
     682 0.0307253 0.00252361
     683 0.0310308 0.00254406
     684 0.0312637 0.00255497
     685 0.0315657 0.00257336
     686 0.0317865 0.00258655
     687 0.0321436 0.00260859
     688 0.0324587 0.00262374
     689 0.0327279 0.00264548
     690 0.0329917 0.00265660
     691 0.0332191 0.00266189
     692 0.0334247 0.00268339
     693 0.0336911 0.00269712
     694 0.0339186 0.00270547
     695 0.0341295 0.00271856
     696 0.0343598 0.00273336
     697 0.0345692 0.00273932
     698 0.0348112 0.00275102
     699 0.0349938 0.00277056
     700 0.0352034 0.00278019
     701 0.0353540 0.00278168
     702 0.0355055 0.00278855
     703 0.0356457 0.00280527
     704 0.0358052 0.00281205
     705 0.0358515 0.00281140
     706 0.0359295 0.00282262
     707 0.0359849 0.00282503
     708 0.0360583 0.00282571
     709 0.0361127 0.00282744
     710 0.0360829 0.00283020
     711 0.0360437 0.00283415
     712 0.0360091 0.00283554
     713 0.0359471 0.00283240
     714 0.0358597 0.00283053
     715 0.0358428 0.00282773
     716 0.0357905 0.00282162
     717 0.0357531 0.00282245
     718 0.0356934 0.00282239
     719 0.0355810 0.00281791
     720 0.0355017 0.00281444
     721 0.0355082 0.00281683
     722 0.0354295 0.00281695
     723 0.0354128 0.00281821
     724 0.0354361 0.00281818
     725 0.0354461 0.00282203
     726 0.0354819 0.00282795
     727 0.0355274 0.00283333
     728 0.0356728 0.00284405
     729 0.0357625 0.00284324
     730 0.0359099 0.00284881
     731 0.0360763 0.00285849
     732 0.0362472 0.00286791
     733 0.0365186 0.00288714
     734 0.0367677 0.00289921
     735 0.0370031 0.00290615
     736 0.0372846 0.00292520
     737 0.0376554 0.00294306
     738 0.0380372 0.00295728
     739 0.0384288 0.00297430
     740 0.0388461 0.00299434
     741 0.0392591 0.00301740
     742 0.0397047 0.00304125
     743 0.0402025 0.00306051
     744 0.0406589 0.00307697
     745 0.0411987 0.00310262
     746 0.0417255 0.00312931
     747 0.0422029 0.00314963
     748 0.0427185 0.00317213
     749 0.0432178 0.00319121
     750 0.0437409 0.00320959
     751 0.0442696 0.00323252
     752 0.0447766 0.00325095
     753 0.0452575 0.00326663
     754 0.0457961 0.00329142
     755 0.0462985 0.00331417
     756 0.0467733 0.00333613
     757 0.0471963 0.00335516
     758 0.0475382 0.00336589
     759 0.0479073 0.00338471
     760 0.0483685 0.00340693
     761 0.0490064 0.00342268
     762 0.0494167 0.00342464
     763 0.0497491 0.00343267
     764 0.0499254 0.00343816
     765 0.0501902 0.00345389
     766 0.0502921 0.00346506
     767 0.0504094 0.00347569
     768 0.0505779 0.00348642
     769 0.0506650 0.00348994
     770 0.0507268 0.00349224
     771 0.0508538 0.00350062
     772 0.0509433 0.00350703
     773 0.0509889 0.00350557
     774 0.0510245 0.00350487
     775 0.0511100 0.00351046
     776 0.0511783 0.00351653
     777 0.0511817 0.00351585
     778 0.0512454 0.00351740
     779 0.0512930 0.00351858
     780 0.0513523 0.00352483
     781 0.0514659 0.00353227
     782 0.0515826 0.00353883
     783 0.0517859 0.00354996
     784 0.0518716 0.00354545
     785 0.0520693 0.00355635
     786 0.0522212 0.00356342
     787 0.0525110 0.00356914
     788 0.0528371 0.00357962
     789 0.0531141 0.00358463
     790 0.0534863 0.00359629
     791 0.0538979 0.00361580
     792 0.0544260 0.00363664
     793 0.0549136 0.00365333
     794 0.0553735 0.00366729
     795 0.0559788 0.00368322
     796 0.0565564 0.00369900
     797 0.0571842 0.00371693
     798 0.0578374 0.00373306
     799 0.0586227 0.00376018
     800 0.0593480 0.00378262
     801 0.0601352 0.00380623
     802 0.0609432 0.00382776
     803 0.0618420 0.00385373
     804 0.0627975 0.00388343
     805 0.0636971 0.00391001
     806 0.0647290 0.00394381
     807 0.0657020 0.00397183
     808 0.0667355 0.00400424
     809 0.0677021 0.00403176
     810 0.0687787 0.00405488
     811 0.0698815 0.00408946
     812 0.0710393 0.00412887
     813 0.0721228 0.00415489
     814 0.0733328 0.00419209
     815 0.0746611 0.00423117
     816 0.0759927 0.00426193
     817 0.0772603 0.00428195
     818 0.0785123 0.00430525
     819 0.0797598 0.00434583
     820 0.0810328 0.00439562
     821 0.0824186 0.00443329
     822 0.0837792 0.00446026
     823 0.0851191 0.00448939
     824 0.0866107 0.00453501
     825 0.0879997 0.00457523
     826 0.0893713 0.00461065
     827 0.0905963 0.00464016
     828 0.0920349 0.00468534
     829 0.0934758 0.00472500
     830 0.0949658 0.00476732
     831 0.0963319 0.00480223
     832 0.0977650 0.00483640
     833 0.0992308 0.00487859
     834 0.100613 0.00492438
     835 0.101954 0.00497003
     836 0.103402 0.00501401
     837 0.104902 0.00504910
     838 0.106219 0.00507953
     839 0.107550 0.00511967
     840 0.108863 0.00515538
     841 0.110222 0.00519533
     842 0.111466 0.00523794
     843 0.112841 0.00528991
     844 0.114175 0.00530837
     845 0.115439 0.00534542
     846 0.116725 0.00539223
     847 0.117876 0.00541434
     848 0.119036 0.00544101
     849 0.120234 0.00547313
     850 0.121356 0.00550712
     851 0.122709 0.00555820
     852 0.123731 0.00558870
     853 0.124810 0.00562990
     854 0.126031 0.00567730
     855 0.127107 0.00568887
     856 0.128020 0.00570718
     857 0.129069 0.00574174
     858 0.130206 0.00578345
     859 0.131036 0.00581844
     860 0.131802 0.00584086
     861 0.132556 0.00585898
     862 0.133583 0.00589256
     863 0.134549 0.00592332
     864 0.135292 0.00594449
     865 0.136080 0.00596909
     866 0.136968 0.00600049
     867 0.137860 0.00602533
     868 0.138423 0.00604562
     869 0.139322 0.00608602
     870 0.139855 0.00610168
     871 0.140493 0.00612139
     872 0.141286 0.00614550
     873 0.141894 0.00616207
     874 0.142525 0.00618648
     875 0.142978 0.00620215
     876 0.143408 0.00621624
     877 0.143892 0.00623226
     878 0.144611 0.00625636
     879 0.145247 0.00627245
     880 0.145576 0.00628598
     881 0.146072 0.00630215
     882 0.146561 0.00631699
     883 0.147072 0.00633204
     884 0.147525 0.00634499
     885 0.147969 0.00635946
     886 0.148385 0.00637312
     887 0.148777 0.00638484
     888 0.149170 0.00639672
     889 0.149550 0.00640729
     890 0.149914 0.00641639
     891 0.150245 0.00642307
     892 0.150577 0.00642957
     893 0.150894 0.00643802
     894 0.151190 0.00644541
     895 0.151515 0.00645122
     896 0.151803 0.00645593
     897 0.152121 0.00646329
     898 0.152447 0.00647242
     899 0.152747 0.00648016
     900 0.153037 0.00648870
     901 0.153343 0.00649875
     902 0.153637 0.00650879
     903 0.153938 0.00651986
     904 0.154233 0.00652781
     905 0.154499 0.00653502
     906 0.154728 0.00654357
     907 0.154967 0.00655139
     908 0.155180 0.00656058
     909 0.155407 0.00656938
     910 0.155621 0.00657593
     911 0.155845 0.00658444
     912 0.156023 0.00659401
     913 0.156219 0.00660289
     914 0.156408 0.00661123
     915 0.156588 0.00662536
     916 0.156756 0.00663677
     917 0.156938 0.00664948
     918 0.157096 0.00666188
     919 0.157253 0.00666724
     920 0.157343 0.00667061
     921 0.157464 0.00667580
     922 0.157563 0.00667755
     923 0.157698 0.00668075
     924 0.157773 0.00667679
     925 0.157883 0.00667027
     926 0.157987 0.00665950
     927 0.158129 0.00665481
     928 0.158284 0.00665122
     929 0.158452 0.00665086
     930 0.158624 0.00665579
     931 0.158872 0.00665758
     932 0.159138 0.00667342
     933 0.159458 0.00669787
     934 0.159819 0.00671785
     935 0.160206 0.00674460
     936 0.160569 0.00677688
     937 0.160952 0.00680697
     938 0.161346 0.00682693
     939 0.161821 0.00684174
     940 0.162359 0.00685225
     941 0.162860 0.00686335
     942 0.163374 0.00688849
     943 0.163840 0.00690457
     944 0.164347 0.00691789
     945 0.164812 0.00693050
     946 0.165278 0.00694236
     947 0.165695 0.00695342
     948 0.166175 0.00695961
     949 0.166693 0.00697108
     950 0.167111 0.00698826
     951 0.167500 0.00700293
     952 0.167905 0.00701788
     953 0.168339 0.00703400
     954 0.168809 0.00705293
     955 0.169217 0.00707272
     956 0.169673 0.00710032
     957 0.170148 0.00712400
     958 0.170639 0.00713690
     959 0.171144 0.00716386
     960 0.171569 0.00718525
     961 0.171983 0.00720204
     962 0.172348 0.00722500
     963 0.172855 0.00724819
     964 0.173154 0.00726453
     965 0.173503 0.00728519
     966 0.173883 0.00730757
     967 0.174197 0.00732306
     968 0.174520 0.00734191
     969 0.174898 0.00736893
     970 0.175249 0.00738787
     971 0.175617 0.00740689
     972 0.176040 0.00742750
     973 0.176484 0.00744618
     974 0.176748 0.00746318
     975 0.177267 0.00748520
     976 0.177766 0.00751246
     977 0.178193 0.00753709
     978 0.178562 0.00755660
     979 0.179061 0.00758842
     980 0.179426 0.00761230
     981 0.179817 0.00763670
     982 0.180202 0.00766523
     983 0.180569 0.00769138
     984 0.180942 0.00771572
     985 0.181357 0.00774133
     986 0.181602 0.00776282
     987 0.181890 0.00778124
     988 0.182208 0.00779863
     989 0.182573 0.00782241
     990 0.182817 0.00783756
     991 0.183185 0.00786061
     992 0.183459 0.00787738
     993 0.183758 0.00789649
     994 0.184113 0.00791856
     995 0.184400 0.00793387
     996 0.184709 0.00795403
     997 0.185064 0.00797751
     998 0.185334 0.00799310
     999 0.185637 0.00801307
    1000 0.185899 0.00803094
    1001 0.186224 0.00804910
    1002 0.186533 0.00806536
    1003 0.186865 0.00808521
    1004 0.187184 0.00810039
    1005 0.187448 0.00810952
    1006 0.187761 0.00812363
    1007 0.188125 0.00813896
    1008 0.188473 0.00815345
    1009 0.188835 0.00817015
    1010 0.189174 0.00818560
    1011 0.189548 0.00820243
    1012 0.189910 0.00821731
    1013 0.190239 0.00822909
    1014 0.190510 0.00823808
    1015 0.190780 0.00824708
    1016 0.191081 0.00825822
    1017 0.191394 0.00827017
    1018 0.191665 0.00828094
    1019 0.191953 0.00829255
    1020 0.192256 0.00830390
    1021 0.192592 0.00831033
    1022 0.192734 0.00831979
    1023 0.193096 0.00834538
    1024 0.193351 0.00835907
    1025 0.193997 0.00838209
    1026 0.194219 0.00839497
    1027 0.194670 0.00842649
    1028 0.195029 0.00844150
    1029 0.195502 0.00845669
    1030 0.195271 0.00842960
    1031 0.195746 0.00842663
    1032 0.195876 0.00841710
    1033 0.196167 0.00842578
    1034 0.196559 0.00845695
    1035 0.196779 0.00847404
    1036 0.197031 0.00849752
    1037 0.197459 0.00851950
    1038 0.197675 0.00852676
    1039 0.197780 0.00853297
    1040 0.198571 0.00856414
    1041 0.198628 0.00857705
    1042 0.199109 0.00859452
    1043 0.199442 0.00860961
    1044 0.199957 0.00863850
    1045 0.200216 0.00864157
    1046 0.200840 0.00868758
    1047 0.201048 0.00871337
    1048 0.201427 0.00873279
    1049 0.201685 0.00873986
    1050 0.202133 0.00876138
    1051 0.202654 0.00877887
    1052 0.203259 0.00879455
    1053 0.203874 0.00883436
    1054 0.204344 0.00887186
    1055 0.204748 0.00891082
    1056 0.205080 0.00893630
    1057 0.205606 0.00895951
    1058 0.205875 0.00897763
    1059 0.206513 0.00900687
    1060 0.206770 0.00902735
    1061 0.207215 0.00905502
    1062 0.207533 0.00908066
    1063 0.207799 0.00910001
    1064 0.208407 0.00913178
    1065 0.209203 0.00917649
    1066 0.209407 0.00918413
    1067 0.209913 0.00920664
    1068 0.210326 0.00922201
    1069 0.210602 0.00922925
    1070 0.211210 0.00927703
    1071 0.211579 0.00930980
    1072 0.211944 0.00932856
    1073 0.212459 0.00936848
    1074 0.212795 0.00939157
    1075 0.213202 0.00940215
    1076 0.213627 0.00942313
    1077 0.214180 0.00945907
    1078 0.214740 0.00949097
    1079 0.214982 0.00950367
    1080 0.215144 0.00952034
    1081 0.215607 0.00956381
    1082 0.215742 0.00956443
    1083 0.216403 0.00958622
    1084 0.216856 0.00961268
    1085 0.217123 0.00962553
    1086 0.217910 0.00967333
    1087 0.218140 0.00970131
    1088 0.218193 0.00971507
    1089 0.218454 0.00973419
    1090 0.218796 0.00975750
    1091 0.219021 0.00977254
    1092 0.219328 0.00978930
    1093 0.219701 0.00980608
    1094 0.220111 0.00982008
    1095 0.220406 0.00982726
    1096 0.220594 0.00983589
    1097 0.220841 0.00985839
    1098 0.221287 0.00989061
    1099 0.221153 0.00989420
    1100 0.221438 0.00991293
    1101 0.221760 0.00991265
    1102 0.221830 0.00990362
    1103 0.222178 0.00992022
    1104 0.222547 0.00993937
    1105 0.222447 0.00993712
    1106 0.222870 0.00996877
    1107 0.222769 0.00997328
    1108 0.223014 0.00998601
    1109 0.223174 0.00997565
    1110 0.223133 0.00994959
    1111 0.223006 0.00993156
    1112 0.223232 0.00992368
    1113 0.223336 0.00990562
    1114 0.223562 0.00990571
    1115 0.223475 0.00991369
    1116 0.223248 0.00987709
    1117 0.223563 0.00985281
    1118 0.223582 0.00984636
    1119 0.223682 0.00985064
    1120 0.224280 0.00988818
    1121 0.224225 0.00994376
    1122 0.224682 0.0100296
    1123 0.224833 0.0100535
    1124 0.225091 0.0100510
    1125 0.225725 0.0100744
    1126 0.226207 0.0101762
    1127 0.226502 0.0102707
    1128 0.226976 0.0103461
    1129 0.227460 0.0103755
    1130 0.227623 0.0103221
    1131 0.227972 0.0103077
    1132 0.228459 0.0103403
    1133 0.228844 0.0103744
    1134 0.229297 0.0104475
    1135 0.229440 0.0104699
    1136 0.229608 0.0104947
    1137 0.229564 0.0104859
    1138 0.230018 0.0104744
    1139 0.230136 0.0104957
    1140 0.230514 0.0105454
    1141 0.230259 0.0105279
    1142 0.230494 0.0105169
    1143 0.230629 0.0105315
    1144 0.230715 0.0105584
    1145 0.230855 0.0105799
    1146 0.231053 0.0106388
    1147 0.231199 0.0106831
    1148 0.231063 0.0106843
    1149 0.231175 0.0106560
    1150 0.231246 0.0106678
    1151 0.231467 0.0106833
    1152 0.231218 0.0106685
    1153 0.230959 0.0106707
    1154 0.230716 0.0106526
    1155 0.230400 0.0106036
    1156 0.230244 0.0106010
    1157 0.229594 0.0105593
    1158 0.229228 0.0105042
    1159 0.228664 0.0104697
    1160 0.228166 0.0104306
    1161 0.227765 0.0103896
    1162 0.227019 0.0103434
    1163 0.226706 0.0103064
    1164 0.226189 0.0102415
    1165 0.225773 0.0102015
    1166 0.225350 0.0101612
    1167 0.225149 0.0101426
    1168 0.224977 0.0101407
    1169 0.224969 0.0101375
    1170 0.224506 0.0101096
    1171 0.224504 0.0101084
    1172 0.224315 0.0100943
    1173 0.223913 0.0100602
    1174 0.223741 0.0100331
    1175 0.223214 0.00999934
    1176 0.223034 0.00997086
    1177 0.222498 0.00992640
    1178 0.221738 0.00987852
    1179 0.221251 0.00985262
    1180 0.220226 0.00978962
    1181 0.219214 0.00972450
    1182 0.218131 0.00965659
    1183 0.217015 0.00958046
    1184 0.215875 0.00950656
    1185 0.215137 0.00945142
    1186 0.213815 0.00937466
    1187 0.212767 0.00930686
    1188 0.211822 0.00923773
    1189 0.210916 0.00917424
    1190 0.209617 0.00909748
    1191 0.208352 0.00901357
    1192 0.207053 0.00893031
    1193 0.205538 0.00883649
    1194 0.204319 0.00875124
    1195 0.202788 0.00865014
    1196 0.201227 0.00854616
    1197 0.199282 0.00842998
    1198 0.197294 0.00831263
    1199 0.195112 0.00818793
    1200 0.193040 0.00807339
    1201 0.190847 0.00795067
    1202 0.188479 0.00781444
    1203 0.186225 0.00769150
    1204 0.183847 0.00756550
    1205 0.181819 0.00745434
    1206 0.179569 0.00734025
    1207 0.177367 0.00722767
    1208 0.175812 0.00714942
    1209 0.174174 0.00707390
    1210 0.173067 0.00702107
    1211 0.171800 0.00696592
    1212 0.171067 0.00693078
    1213 0.170632 0.00690669
    1214 0.170580 0.00689699
    1215 0.170854 0.00689466
    1216 0.171495 0.00691656
    1217 0.172425 0.00695863
    1218 0.173711 0.00701132
    1219 0.175586 0.00708912
    1220 0.177647 0.00718311
    1221 0.180193 0.00730258
    1222 0.182745 0.00741924
    1223 0.185387 0.00755153
    1224 0.188449 0.00770424
    1225 0.191308 0.00784928
    1226 0.194282 0.00799923
    1227 0.197400 0.00816225
    1228 0.200464 0.00832955
    1229 0.203295 0.00848908
    1230 0.206010 0.00865072
    1231 0.208515 0.00879848
    1232 0.211385 0.00895893
    1233 0.213640 0.00909615
    1234 0.215620 0.00922301
    1235 0.217819 0.00935509
    1236 0.219495 0.00946164
    1237 0.221291 0.00957526
    1238 0.222960 0.00967970
    1239 0.224564 0.00978127
    1240 0.225902 0.00987315
    1241 0.227599 0.00998677
    1242 0.228704 0.0100617
    1243 0.229657 0.0101247
    1244 0.231189 0.0102120
    1245 0.232274 0.0102676
    1246 0.233253 0.0103305
    1247 0.234456 0.0104113
    1248 0.234995 0.0104544
    1249 0.236296 0.0105318
    1250 0.236974 0.0105785
    1251 0.237624 0.0106089
    1252 0.238308 0.0106564
    1253 0.239156 0.0107292
    1254 0.239653 0.0107707
    1255 0.240587 0.0108251
    1256 0.240860 0.0108603
    1257 0.241859 0.0109202
    1258 0.242009 0.0109299
    1259 0.242600 0.0109630
    1260 0.242978 0.0109904
    1261 0.243446 0.0110202
    1262 0.243990 0.0110463
    1263 0.244561 0.0110775
    1264 0.244802 0.0111003
    1265 0.245181 0.0111249
    1266 0.245565 0.0111472
    1267 0.245971 0.0111677
    1268 0.246014 0.0111716
    1269 0.246803 0.0112079
    1270 0.247068 0.0112150
    1271 0.247213 0.0112167
    1272 0.247580 0.0112228
    1273 0.247790 0.0112310
    1274 0.247785 0.0112274
    1275 0.248392 0.0112629
    1276 0.248166 0.0112624
    1277 0.248490 0.0112992
    1278 0.248787 0.0113220
    1279 0.248609 0.0113229
    1280 0.249061 0.0113464
    1281 0.248873 0.0113370
    1282 0.248988 0.0113375
    1283 0.249411 0.0113428
    1284 0.249356 0.0113356
    1285 0.249545 0.0113362
    1286 0.250111 0.0113612
    1287 0.250261 0.0113785
    1288 0.250078 0.0113763
    1289 0.250545 0.0114061
    1290 0.250321 0.0114018
    1291 0.250643 0.0114223
    1292 0.250368 0.0114115
    1293 0.250943 0.0114357
    1294 0.250969 0.0114303
    1295 0.250911 0.0114264
    1296 0.251033 0.0114303
    1297 0.251606 0.0114517
    1298 0.251207 0.0114299
    1299 0.251629 0.0114466
    1300 0.251251 0.0114209
    1301 0.251598 0.0114374
    1302 0.251856 0.0114612
    1303 0.251677 0.0114575
    1304 0.251992 0.0114736
    1305 0.252008 0.0114805
    1306 0.252172 0.0114996
    1307 0.252083 0.0114975
    1308 0.252131 0.0115008
    1309 0.252448 0.0115135
    1310 0.252387 0.0114926
    1311 0.252390 0.0114852
    1312 0.252675 0.0114951
    1313 0.253079 0.0115164
    1314 0.252983 0.0115133
    1315 0.253122 0.0115277
    1316 0.253330 0.0115346
    1317 0.253397 0.0115291
    1318 0.253437 0.0115276
    1319 0.253548 0.0115278
    1320 0.253717 0.0115302
    1321 0.253741 0.0115296
    1322 0.253855 0.0115307
    1323 0.253613 0.0115093
    1324 0.253649 0.0115068
    1325 0.253721 0.0115105
    1326 0.253721 0.0115098
    1327 0.253789 0.0115211
    1328 0.253966 0.0115251
    1329 0.253898 0.0115061
    1330 0.253740 0.0114898
    1331 0.253748 0.0114745
    1332 0.253767 0.0114615
    1333 0.253701 0.0114477
    1334 0.253911 0.0114563
    1335 0.253891 0.0114475
    1336 0.253889 0.0114322
    1337 0.253776 0.0114259
    1338 0.253981 0.0114465
    1339 0.253942 0.0114421
    1340 0.253775 0.0114327
    1341 0.253735 0.0114312
    1342 0.253720 0.0114169
    1343 0.253723 0.0114176
    1344 0.253329 0.0114169
    1345 0.253294 0.0114315
    1346 0.253404 0.0114881
    1347 0.253185 0.0114866
    1348 0.253143 0.0114497
    1349 0.253000 0.0114101
    1350 0.252564 0.0111579
    1351 0.252316 0.0110112
    1352 0.252372 0.0111633
    1353 0.251713 0.0111452
    1354 0.251100 0.0113047
    1355 0.249900 0.0115306
    1356 0.249471 0.0124554
    1357 0.249143 0.0139748
    1358 0.248611 0.0154371
    1359 0.248316 0.0175174
    1360 0.248800 0.0198288
    1361 0.249506 0.0225743
    1362 0.250316 0.0255879
    1363 0.251239 0.0287365
    1364 0.251454 0.0310914
    1365 0.251362 0.0332872
    1366 0.251792 0.0347020
    1367 0.252161 0.0353054
    1368 0.252899 0.0355489
    1369 0.253696 0.0359781
    1370 0.253713 0.0364029
    1371 0.252000 0.0372737
    1372 0.249664 0.0379267
    1373 0.247279 0.0381012
    1374 0.244904 0.0385151
    1375 0.243975 0.0392387
    1376 0.243530 0.0403509
    1377 0.242950 0.0426793
    1378 0.242028 0.0449914
    1379 0.240114 0.0449175
    1380 0.238136 0.0441238
    1381 0.235972 0.0424778
    1382 0.234740 0.0402781
    1383 0.234679 0.0392408
    1384 0.234696 0.0383137
    1385 0.234513 0.0373875
    1386 0.233635 0.0367137
    1387 0.232270 0.0361904
    1388 0.230428 0.0353307
    1389 0.228529 0.0347486
    1390 0.227229 0.0344176
    1391 0.226480 0.0342154
    1392 0.226576 0.0343388
    1393 0.226905 0.0340359
    1394 0.226629 0.0327881
    1395 0.225822 0.0311303
    1396 0.225296 0.0327555
    1397 0.225911 0.0282808
    1398 0.227646 0.0248399
    1399 0.228962 0.0238216
    1400 0.223669 0.0214062
    1401 0.221214 0.0246481
    1402 0.219841 0.0242209
    1403 0.216784 0.0216927
    1404 0.215137 0.0190715
    1405 0.215206 0.0195404
    1406 0.212272 0.0163286
    1407 0.209775 0.0138346
    1408 0.206909 0.0120511
    1409 0.203494 0.0105580
    1410 0.201824 0.00972564
    1411 0.200603 0.00823379
    1412 0.199938 0.00814218
    1413 0.199759 0.00902044
    1414 0.199628 0.00907800
    1415 0.199268 0.00893237
    1416 0.199295 0.00875369
    1417 0.199408 0.00842825
    1418 0.199693 0.00821024
    1419 0.199915 0.00790650
    1420 0.200338 0.00781268
    1421 0.200828 0.00780073
    1422 0.201108 0.00778967
    1423 0.201540 0.00791388
    1424 0.201695 0.00792802
    1425 0.201957 0.00786455
    1426 0.202144 0.00785610
    1427 0.202405 0.00773910
    1428 0.202832 0.00769282
    1429 0.202941 0.00766673
    1430 0.203276 0.00762217
    1431 0.203417 0.00761331
    1432 0.203948 0.00765539
    1433 0.204280 0.00767253
    1434 0.204419 0.00770128
    1435 0.204838 0.00774705
    1436 0.205334 0.00779881
    1437 0.205770 0.00782852
    1438 0.206470 0.00786936
    1439 0.206987 0.00789818
    1440 0.208098 0.00793875
    1441 0.208972 0.00801201
    1442 0.209969 0.00808808
    1443 0.210896 0.00816551
    1444 0.211351 0.00825943
    1445 0.212325 0.00833408
    1446 0.213170 0.00836268
    1447 0.214348 0.00845121
    1448 0.214915 0.00852314
    1449 0.215609 0.00858484
    1450 0.216756 0.00869896
    1451 0.217105 0.00873974
    1452 0.218039 0.00877662
    1453 0.218654 0.00879351
    1454 0.219089 0.00881137
    1455 0.219828 0.00883688
    1456 0.220108 0.00883271
    1457 0.220442 0.00885302
    1458 0.220924 0.00888920
    1459 0.221191 0.00893039
    1460 0.221581 0.00896538
    1461 0.221832 0.00901564
    1462 0.222174 0.00904578
    1463 0.222728 0.00905765
    1464 0.223099 0.00907596
    1465 0.224080 0.00912126
    1466 0.224277 0.00912935
    1467 0.225033 0.00915068
    1468 0.225497 0.00918178
    1469 0.226542 0.00923386
    1470 0.227067 0.00929685
    1471 0.228073 0.00941994
    1472 0.228971 0.00950007
    1473 0.229584 0.00955586
    1474 0.230189 0.00962488
    1475 0.230800 0.00969214
    1476 0.231591 0.00975194
    1477 0.232123 0.00980079
    1478 0.232353 0.00983481
    1479 0.233007 0.00985975
    1480 0.233496 0.00989218
    1481 0.233811 0.00994128
    1482 0.234343 0.00998088
    1483 0.234661 0.00999697
    1484 0.235291 0.0100376
    1485 0.235635 0.0100689
    1486 0.235984 0.0100891
    1487 0.236228 0.0101081
    1488 0.236416 0.0101311
    1489 0.236785 0.0101527
    1490 0.237212 0.0101846
    1491 0.237441 0.0102014
    1492 0.237606 0.0102155
    1493 0.237942 0.0102370
    1494 0.237929 0.0102443
    1495 0.238367 0.0102618
    1496 0.238712 0.0102709
    1497 0.238747 0.0102787
    1498 0.238904 0.0102877
    1499 0.239023 0.0103014
    1500 0.239314 0.0103382
    1501 0.239323 0.0103481
    1502 0.239583 0.0103606
    1503 0.239749 0.0103725
    1504 0.239934 0.0103824
    1505 0.239871 0.0103859
    1506 0.239988 0.0103962
    1507 0.240171 0.0104137
    1508 0.240555 0.0104509
    1509 0.240570 0.0104582
    1510 0.240363 0.0104536
    1511 0.240670 0.0104670
    1512 0.240684 0.0104512
    1513 0.240758 0.0104508
    1514 0.240771 0.0104560
    1515 0.240846 0.0104592
    1516 0.240854 0.0104651
    1517 0.240450 0.0104474
    1518 0.240901 0.0104589
    1519 0.240674 0.0104439
    1520 0.240678 0.0104393
    1521 0.240619 0.0104297
    1522 0.240303 0.0104088
    1523 0.240256 0.0104023
    1524 0.240380 0.0104063
    1525 0.240284 0.0103969
    1526 0.240215 0.0103743
    1527 0.240512 0.0103748
    1528 0.240283 0.0103608
    1529 0.239930 0.0103416
    1530 0.239729 0.0103280
    1531 0.239606 0.0103316
    1532 0.239378 0.0103152
    1533 0.239287 0.0102917
    1534 0.238904 0.0102636
    1535 0.238695 0.0102434
    1536 0.238370 0.0102181
    1537 0.238149 0.0101942
    1538 0.238243 0.0101913
    1539 0.237944 0.0101727
    1540 0.237884 0.0101735
    1541 0.238160 0.0101943
    1542 0.238075 0.0102063
    1543 0.238458 0.0102498
    1544 0.238564 0.0102766
    1545 0.239277 0.0103345
    1546 0.239611 0.0103721
    1547 0.240406 0.0104261
    1548 0.240857 0.0104670
    1549 0.241301 0.0105100
    1550 0.241793 0.0105506
    1551 0.242027 0.0105788
    1552 0.242961 0.0106353
    1553 0.243234 0.0106591
    1554 0.243137 0.0106671
    1555 0.243804 0.0107083
    1556 0.244209 0.0107349
    1557 0.243941 0.0107267
    1558 0.244441 0.0107571
    1559 0.244423 0.0107683
    1560 0.244592 0.0107839
    1561 0.244957 0.0108084
    1562 0.245221 0.0108279
    1563 0.245501 0.0108443
    1564 0.245542 0.0108508
    1565 0.245653 0.0108612
    1566 0.245552 0.0108633
    1567 0.245692 0.0108759
    1568 0.245869 0.0108787
    1569 0.245962 0.0108872
    1570 0.245983 0.0108982
    1571 0.245981 0.0109068
    1572 0.246336 0.0109272
    1573 0.246291 0.0109183
    1574 0.246294 0.0109155
    1575 0.246424 0.0109216
    1576 0.246510 0.0109235
    1577 0.246547 0.0109352
    1578 0.246429 0.0109537
    1579 0.246578 0.0109656
    1580 0.247024 0.0109896
    1581 0.246780 0.0109804
    1582 0.246810 0.0109694
    1583 0.246623 0.0109643
    1584 0.246255 0.0109615
    1585 0.246874 0.0109950
    1586 0.246567 0.0109900
    1587 0.246864 0.0110049
    1588 0.246612 0.0109911
    1589 0.246758 0.0109951
    1590 0.246695 0.0109883
    1591 0.246436 0.0109694
    1592 0.246547 0.0109608
    1593 0.246253 0.0109418
    1594 0.246702 0.0109534
    1595 0.246608 0.0109484
    1596 0.246464 0.0109525
    1597 0.246175 0.0109428
    1598 0.246421 0.0109597
    1599 0.246373 0.0109548
    1600 0.246121 0.0109295
    1601 0.246006 0.0109203
    1602 0.245893 0.0109141
    1603 0.246150 0.0109189
    1604 0.246188 0.0109133
    1605 0.245959 0.0109032
    1606 0.245949 0.0108997
    1607 0.245782 0.0108930
    1608 0.245780 0.0109095
    1609 0.245316 0.0108924
    1610 0.245544 0.0108976
    1611 0.245395 0.0108871
    1612 0.245339 0.0108737
    1613 0.245224 0.0108646
    1614 0.244865 0.0108480
    1615 0.245074 0.0108542
    1616 0.244900 0.0108483
    1617 0.244739 0.0108384
    1618 0.244531 0.0108202
    1619 0.244208 0.0108013
    1620 0.243954 0.0107868
    1621 0.244087 0.0107887
    1622 0.244257 0.0107950
    1623 0.243435 0.0107553
    1624 0.243631 0.0107601
    1625 0.243225 0.0107352
    1626 0.243063 0.0107137
    1627 0.242828 0.0106963
    1628 0.242688 0.0106806
    1629 0.242503 0.0106708
    1630 0.242332 0.0106778
    1631 0.242339 0.0106822
    1632 0.242099 0.0106793
    1633 0.241726 0.0106609
    1634 0.241487 0.0106301
    1635 0.241278 0.0106106
    1636 0.241249 0.0105995
    1637 0.240894 0.0105738
    1638 0.240875 0.0105656
    1639 0.240829 0.0105602
    1640 0.240609 0.0105538
    1641 0.240180 0.0105293
    1642 0.240212 0.0105263
    1643 0.239907 0.0105042
    1644 0.239675 0.0104726
    1645 0.239136 0.0104294
    1646 0.238986 0.0103945
    1647 0.238761 0.0103703
    1648 0.238401 0.0103479
    1649 0.238154 0.0103345
    1650 0.237807 0.0103116
    1651 0.237474 0.0102992
    1652 0.237187 0.0102783
    1653 0.236809 0.0102428
    1654 0.236409 0.0102117
    1655 0.235896 0.0101793
    1656 0.235621 0.0101537
    1657 0.235069 0.0101098
    1658 0.234667 0.0100837
    1659 0.233990 0.0100528
    1660 0.233289 0.0100150
    1661 0.232520 0.00997865
    1662 0.231931 0.00994314
    1663 0.231094 0.00989411
    1664 0.230469 0.00984474
    1665 0.229617 0.00977544
    1666 0.228318 0.00970507
    1667 0.227615 0.00965607
    1668 0.226454 0.00960041
    1669 0.225411 0.00956982
    1670 0.224344 0.00952637
    1671 0.223242 0.00948321
    1672 0.222131 0.00942306
    1673 0.220738 0.00934909
    1674 0.219572 0.00926960
    1675 0.218260 0.00915982
    1676 0.217082 0.00908129
    1677 0.215536 0.00898903
    1678 0.214178 0.00891215
    1679 0.212690 0.00884903
    1680 0.210871 0.00874618
    1681 0.209328 0.00864603
    1682 0.207596 0.00854233
    1683 0.205741 0.00841905
    1684 0.203911 0.00831619
    1685 0.202184 0.00823135
    1686 0.200057 0.00812286
    1687 0.197897 0.00801904
    1688 0.195469 0.00789620
    1689 0.193095 0.00777378
    1690 0.191060 0.00765368
    1691 0.188586 0.00750703
    1692 0.186068 0.00737187
    1693 0.183679 0.00724166
    1694 0.180709 0.00708397
    1695 0.177933 0.00694432
    1696 0.175226 0.00678828
    1697 0.172036 0.00658823
    1698 0.168800 0.00641799
    1699 0.165398 0.00625399
    1700 0.161661 0.00607243
    1701 0.157633 0.00589878
    1702 0.153652 0.00571458
    1703 0.149677 0.00552191
    1704 0.145363 0.00533794
    1705 0.140791 0.00515452
    1706 0.136467 0.00498769
    1707 0.131967 0.00481983
    1708 0.127639 0.00467637
    1709 0.123359 0.00454900
    1710 0.119331 0.00444531
    1711 0.115349 0.00433519
    1712 0.111635 0.00423255
    1713 0.107922 0.00413625
    1714 0.104739 0.00407365
    1715 0.101453 0.00400851
    1716 0.0983851 0.00394858
    1717 0.0952529 0.00388398
    1718 0.0924278 0.00381986
    1719 0.0896311 0.00375027
    1720 0.0868127 0.00369479
    1721 0.0840984 0.00364430
    1722 0.0814117 0.00358076
    1723 0.0788712 0.00353975
    1724 0.0764667 0.00350567
    1725 0.0742984 0.00346898
    1726 0.0723079 0.00344226
    1727 0.0707174 0.00342385
    1728 0.0695866 0.00340622
    1729 0.0688899 0.00339003
    1730 0.0688876 0.00338884
    1731 0.0694333 0.00338325
    1732 0.0706473 0.00339484
    1733 0.0724718 0.00343237
    1734 0.0748235 0.00346986
    1735 0.0774678 0.00350407
    1736 0.0807938 0.00355679
    1737 0.0842501 0.00360645
    1738 0.0879321 0.00367159
    1739 0.0916056 0.00375429
    1740 0.0951530 0.00382217
    1741 0.0987796 0.00387730
    1742 0.102027 0.00393884
    1743 0.105087 0.00400125
    1744 0.107715 0.00405467
    1745 0.110053 0.00411468
    1746 0.112102 0.00414668
    1747 0.113492 0.00415576
    1748 0.114519 0.00416205
    1749 0.115099 0.00416995
    1750 0.115041 0.00418695
    1751 0.114871 0.00418683
    1752 0.114118 0.00417675
    1753 0.113012 0.00416460
    1754 0.111670 0.00412463
    1755 0.110076 0.00408502
    1756 0.108301 0.00402201
    1757 0.106457 0.00397031
    1758 0.104595 0.00391950
    1759 0.102800 0.00387323
    1760 0.101009 0.00385273
    1761 0.0995912 0.00383426
    1762 0.0985868 0.00382263
    1763 0.0979055 0.00381713
    1764 0.0977188 0.00381991
    1765 0.0978326 0.00381752
    1766 0.0985553 0.00381843
    1767 0.0996407 0.00383763
    1768 0.101129 0.00387171
    1769 0.102955 0.00390643
    1770 0.105054 0.00392858
    1771 0.107230 0.00397906
    1772 0.109508 0.00404568
    1773 0.111717 0.00409535
    1774 0.114013 0.00416311
    1775 0.116218 0.00421483
    1776 0.118409 0.00423568
    1777 0.120399 0.00425629
    1778 0.122327 0.00427505
    1779 0.124288 0.00431538
    1780 0.125473 0.00432619
    1781 0.126907 0.00437574
    1782 0.128258 0.00448746
    1783 0.129337 0.00450749
    1784 0.130231 0.00445298
    1785 0.131173 0.00447132
    1786 0.131846 0.00446633
    1787 0.132356 0.00448973
    1788 0.132750 0.00462782
    1789 0.132955 0.00459489
    1790 0.133017 0.00454312
    1791 0.133234 0.00456949
    1792 0.133124 0.00457644
    1793 0.132769 0.00461390
    1794 0.132438 0.00465635
    1795 0.132048 0.00453840
    1796 0.131684 0.00441886
    1797 0.131381 0.00446521
    1798 0.130942 0.00448316
    1799 0.130572 0.00453008
    1800 0.130247 0.00451919
    1801 0.130247 0.00451919
    1802 0.130481 0.00445960
    1803 0.130777 0.00442524
    1804 0.131489 0.00458634
    1805 0.132547 0.00435931
    1806 0.133300 0.00434642
    1807 0.134233 0.00436416
    1808 0.135402 0.00442172
    1809 0.136771 0.00453556
    1810 0.138230 0.00471682
    1811 0.139915 0.00495599
    1812 0.141863 0.00516521
    1813 0.144131 0.00554716
    1814 0.146916 0.00606258
    1815 0.150218 0.00678663
    1816 0.153924 0.00760761
    1817 0.158034 0.00869194
    1818 0.162717 0.0102323
    1819 0.167894 0.0123457
    1820 0.173746 0.0150128
    1821 0.180394 0.0178496
    1822 0.188052 0.0213259
    1823 0.196968 0.0246027
    1824 0.207153 0.0283459
    1825 0.218637 0.0325105
    1826 0.231046 0.0368011
    1827 0.245355 0.0433963
    1828 0.261979 0.0513743
    1829 0.281283 0.0602854
    1830 0.304729 0.0686105
    1831 0.331074 0.0774920
    1832 0.356858 0.0850016
    1833 0.384710 0.0934974
    1834 0.414969 0.102369
    1835 0.447514 0.108177
    1836 0.481159 0.112464
    1837 0.518013 0.117255
    1838 0.555052 0.123028
    1839 0.587154 0.131221
    1840 0.617114 0.140756
    1841 0.645714 0.147288
    1842 0.670549 0.154828
    1843 0.692867 0.159026
    1844 0.710576 0.163062
    1845 0.724116 0.166768
    1846 0.730416 0.171816
    1847 0.730152 0.175193
    1848 0.726919 0.179141
    1849 0.720941 0.182296
    1850 0.715967 0.180948
    1851 0.707501 0.177072
    1852 0.693124 0.171755
    1853 0.677608 0.166793
    1854 0.662223 0.161355
    1855 0.649242 0.158679
    1856 0.636691 0.156272
    1857 0.626395 0.154025
    1858 0.618941 0.155525
    1859 0.608806 0.156922
    1860 0.599979 0.160282
    1861 0.598488 0.162294
    1862 0.603726 0.166325
    1863 0.614970 0.168623
    1864 0.629494 0.171825
    1865 0.645947 0.175446
    1866 0.663240 0.176804
    1867 0.681960 0.175248
    1868 0.704812 0.171826
    1869 0.730618 0.165349
    1870 0.756490 0.161723
    1871 0.780058 0.161177
    1872 0.792713 0.162403
    1873 0.798639 0.166396
    1874 0.798099 0.168605
    1875 0.790723 0.165798
    1876 0.775026 0.154357
    1877 0.750833 0.140910
    1878 0.723402 0.132993
    1879 0.691596 0.130453
    1880 0.657131 0.129778
    1881 0.626540 0.130143
    1882 0.599765 0.131134
    1883 0.582775 0.127211
    1884 0.569254 0.122812
    1885 0.559340 0.118551
    1886 0.554552 0.119004
    1887 0.557009 0.122566
    1888 0.563441 0.128939
    1889 0.572576 0.133268
    1890 0.584397 0.134495
    1891 0.594836 0.135087
    1892 0.601498 0.132054
    1893 0.605981 0.128063
    1894 0.606096 0.124599
    1895 0.607319 0.122162
    1896 0.614245 0.119693
    1897 0.624047 0.119216
    1898 0.634491 0.118395
    1899 0.652056 0.117824
    1900 0.667973 0.117166
    1901 0.683630 0.116660
    1902 0.703608 0.118368
    1903 0.722388 0.118488
    1904 0.737279 0.120498
    1905 0.747551 0.127489
    1906 0.751032 0.134270
    1907 0.744092 0.137496
    1908 0.728616 0.137255
    1909 0.709390 0.135574
    1910 0.682346 0.130902
    1911 0.651292 0.123599
    1912 0.616054 0.115221
    1913 0.575458 0.105871
    1914 0.533899 0.0943864
    1915 0.493359 0.0836218
    1916 0.454556 0.0748271
    1917 0.418082 0.0670887
    1918 0.384297 0.0619452
    1919 0.355348 0.0584864
    1920 0.330191 0.0548512
    1921 0.308022 0.0503886
    1922 0.289983 0.0456879
    1923 0.273939 0.0419613
    1924 0.260040 0.0385384
    1925 0.248617 0.0343870
    1926 0.238951 0.0298354
    1927 0.230698 0.0255294
    1928 0.223931 0.0215711
    1929 0.217986 0.0182403
    1930 0.211984 0.0162672
    1931 0.206073 0.0147079
    1932 0.200203 0.0135641
    1933 0.194569 0.0127041
    1934 0.189624 0.0116243
    1935 0.185234 0.0107790
    1936 0.177519 0.0119343
    1937 0.175409 0.0112210
    1938 0.173812 0.0104739
    1939 0.170026 0.00960771
    1940 0.167898 0.00862379
    1941 0.165832 0.00807023
    1942 0.164084 0.00749961
    1943 0.163353 0.00693274
    1944 0.162968 0.00613979
    1945 0.161790 0.00566209
    1946 0.161587 0.00515730
    1947 0.161104 0.00526781
    1948 0.160165 0.00562424
    1949 0.159866 0.00578521
    1950 0.159975 0.00604944
    1951 0.159642 0.00601549
    1952 0.160062 0.00569413
    1953 0.160282 0.00563050
    1954 0.159640 0.00553794
    1955 0.159634 0.00536704
    1956 0.159035 0.00521027
    1957 0.158497 0.00493138
    1958 0.158532 0.00494234
    1959 0.158200 0.00498803
    1960 0.157834 0.00511209
    1961 0.157824 0.00536695
    1962 0.157303 0.00551432
    1963 0.157122 0.00546907
    1964 0.156990 0.00549167
    1965 0.157220 0.00551650
    1966 0.156995 0.00541830
    1967 0.156695 0.00540790
    1968 0.156819 0.00549464
    1969 0.156656 0.00549779
    1970 0.156968 0.00551772
    1971 0.156681 0.00548047
    1972 0.156927 0.00544545
    1973 0.157043 0.00534554
    1974 0.157035 0.00531297
    1975 0.157254 0.00531482
    1976 0.157051 0.00531202
    1977 0.157053 0.00538067
    1978 0.156904 0.00538409
    1979 0.157229 0.00537598
    1980 0.157437 0.00539133
    1981 0.157653 0.00540084
    1982 0.157501 0.00540525
    1983 0.157156 0.00544111
    1984 0.157599 0.00546632
    1985 0.157824 0.00545924
    1986 0.157625 0.00545494
    1987 0.157249 0.00543736
    1988 0.157441 0.00543571
    1989 0.157052 0.00546540
    1990 0.157524 0.00551669
    1991 0.157221 0.00551470
    1992 0.157121 0.00550810
    1993 0.157306 0.00551223
    1994 0.157238 0.00547041
    1995 0.156939 0.00544439
    1996 0.157292 0.00548579
    1997 0.157306 0.00549121
    1998 0.155846 0.00543936
    1999 0.156338 0.00540555
    2000 0.156170 0.00538167
    2001 0.156031 0.00531501
    2002 0.155846 0.00522268
    2003 0.155533 0.00521886
    2004 0.154986 0.00518660
    2005 0.154652 0.00518441
    2006 0.153319 0.00514640
    2007 0.153805 0.00518925
    2008 0.154290 0.00520180
    2009 0.154403 0.00521937
    2010 0.153667 0.00515879
    2011 0.153659 0.00501014
    2012 0.153442 0.00498022
    2013 0.153550 0.00500462
    2014 0.154035 0.00503034
    2015 0.154320 0.00509182
    2016 0.154926 0.00519138
    2017 0.155515 0.00526338
    2018 0.155398 0.00528881
    2019 0.155927 0.00532352
    2020 0.156302 0.00538767
    2021 0.156742 0.00538542
    2022 0.156996 0.00530407
    2023 0.157729 0.00532584
    2024 0.157664 0.00536525
    2025 0.157564 0.00535581
    2026 0.157488 0.00534085
    2027 0.157761 0.00536369
    2028 0.158340 0.00536667
    2029 0.158424 0.00534175
    2030 0.158552 0.00534444
    2031 0.159036 0.00538940
    2032 0.159260 0.00540416
    2033 0.158445 0.00537304
    2034 0.157442 0.00535092
    2035 0.157999 0.00538819
    2036 0.158580 0.00542553
    2037 0.158564 0.00544798
    2038 0.158561 0.00547096
    2039 0.158386 0.00550620
    2040 0.157896 0.00549946
    2041 0.157895 0.00549896
    2042 0.158296 0.00551739
    2043 0.158015 0.00547390
    2044 0.157982 0.00545315
    2045 0.157794 0.00543711
    2046 0.157509 0.00543414
    2047 0.157683 0.00541858
    2048 0.157451 0.00538186
    2049 0.157454 0.00536381
    2050 0.157229 0.00531204
    2051 0.157724 0.00530721
    2052 0.157580 0.00531956
    2053 0.157483 0.00532342
    2054 0.157850 0.00534668
    2055 0.158401 0.00536832
    2056 0.158819 0.00539739
    2057 0.159187 0.00537651
    2058 0.159393 0.00538216
    2059 0.159603 0.00537504
    2060 0.160026 0.00540820
    2061 0.160423 0.00547692
    2062 0.160956 0.00552240
    2063 0.161192 0.00559269
    2064 0.162013 0.00561151
    2065 0.162706 0.00554422
    2066 0.163348 0.00555018
    2067 0.163803 0.00553879
    2068 0.164096 0.00554768
    2069 0.164458 0.00559390
    2070 0.165137 0.00569412
    2071 0.165796 0.00574219
    2072 0.165963 0.00574319
    2073 0.166160 0.00576808
    2074 0.166491 0.00579519
    2075 0.166879 0.00582973
    2076 0.167458 0.00588166
    2077 0.167603 0.00591451
    2078 0.167947 0.00596561
    2079 0.168399 0.00599179
    2080 0.168477 0.00599005
    2081 0.169109 0.00601290
    2082 0.169518 0.00599823
    2083 0.169340 0.00599377
    2084 0.169768 0.00604002
    2085 0.170018 0.00606380
    2086 0.170316 0.00608900
    2087 0.170579 0.00611464
    2088 0.170977 0.00614671
    2089 0.171073 0.00615799
    2090 0.171197 0.00618521
    2091 0.171290 0.00623116
    2092 0.171341 0.00625002
    2093 0.171428 0.00626862
    2094 0.171861 0.00628916
    2095 0.172117 0.00627334
    2096 0.172480 0.00629757
    2097 0.172857 0.00633501
    2098 0.173327 0.00636803
    2099 0.173511 0.00642023
    2100 0.173630 0.00644120
    2101 0.173896 0.00642170
    2102 0.174179 0.00645023
    2103 0.174263 0.00649170
    2104 0.174508 0.00649389
    2105 0.174627 0.00648761
    2106 0.174824 0.00647301
    2107 0.175166 0.00648964
    2108 0.175096 0.00647890
    2109 0.175260 0.00649126
    2110 0.175433 0.00654876
    2111 0.175902 0.00658009
    2112 0.176138 0.00657472
    2113 0.176593 0.00658990
    2114 0.176753 0.00658541
    2115 0.176146 0.00656954
    2116 0.175920 0.00657558
    2117 0.176370 0.00660631
    2118 0.176844 0.00664262
    2119 0.176748 0.00667461
    2120 0.177035 0.00670861
    2121 0.177211 0.00671819
    2122 0.177191 0.00672837
    2123 0.176629 0.00672058
    2124 0.176788 0.00672463
    2125 0.177135 0.00672589
    2126 0.176934 0.00671442
    2127 0.176723 0.00669089
    2128 0.176249 0.00666823
    2129 0.176168 0.00666640
    2130 0.175985 0.00666843
    2131 0.175112 0.00664307
    2132 0.174318 0.00663326
    2133 0.173518 0.00665001
    2134 0.173886 0.00669327
    2135 0.174542 0.00674869
    2136 0.174821 0.00678378
    2137 0.173829 0.00676252
    2138 0.173157 0.00675410
    2139 0.172126 0.00671182
    2140 0.171767 0.00668212
    2141 0.170828 0.00663609
    2142 0.170494 0.00658633
    2143 0.170273 0.00657619
    2144 0.169827 0.00658129
    2145 0.169653 0.00658336
    2146 0.169776 0.00662093
    2147 0.170060 0.00663229
    2148 0.170256 0.00660342
    2149 0.170208 0.00659479
    2150 0.169765 0.00656504
    2151 0.169712 0.00656419
    2152 0.169455 0.00660003
    2153 0.170009 0.00663265
    2154 0.169683 0.00660963
    2155 0.169607 0.00660577
    2156 0.169650 0.00660647
    2157 0.169196 0.00655651
    2158 0.168994 0.00654521
    2159 0.168444 0.00653273
    2160 0.168023 0.00653629
    2161 0.167816 0.00656901
    2162 0.167481 0.00656968
    2163 0.167424 0.00658600
    2164 0.166725 0.00656508
    2165 0.166519 0.00654149
    2166 0.165696 0.00649483
    2167 0.165287 0.00646039
    2168 0.165149 0.00643806
    2169 0.164539 0.00639933
    2170 0.164759 0.00637172
    2171 0.164619 0.00629951
    2172 0.164576 0.00627220
    2173 0.164227 0.00623527
    2174 0.164334 0.00622604
    2175 0.164017 0.00624549
    2176 0.163049 0.00623032
    2177 0.163009 0.00625251
    2178 0.162380 0.00623585
    2179 0.162257 0.00623206
    2180 0.163085 0.00626394
    2181 0.162727 0.00625499
    2182 0.162218 0.00622228
    2183 0.161722 0.00620328
    2184 0.161070 0.00620358
    2185 0.160156 0.00616223
    2186 0.160615 0.00614589
    2187 0.159593 0.00609504
    2188 0.158981 0.00606107
    2189 0.158600 0.00602626
    2190 0.157706 0.00598052
    2191 0.157744 0.00596198
    2192 0.157172 0.00589618
    2193 0.156602 0.00585228
    2194 0.155952 0.00582499
    2195 0.155695 0.00579953
    2196 0.155353 0.00577937
    2197 0.154812 0.00573975
    2198 0.154188 0.00565512
    2199 0.153638 0.00559126
    2200 0.152774 0.00554828
    2201 0.151949 0.00552003
    2202 0.151426 0.00549174
    2203 0.151253 0.00551730
    2204 0.150170 0.00546683
    2205 0.149467 0.00539703
    2206 0.148784 0.00533772
    2207 0.148871 0.00529310
    2208 0.148495 0.00525091
    2209 0.147912 0.00520119
    2210 0.146297 0.00512451
    2211 0.145667 0.00508108
    2212 0.145960 0.00509664
    2213 0.144912 0.00508841
    2214 0.143940 0.00507101
    2215 0.142953 0.00511006
    2216 0.142127 0.00508640
    2217 0.141799 0.00500733
    2218 0.141089 0.00495563
    2219 0.139657 0.00488141
    2220 0.138707 0.00479161
    2221 0.138322 0.00474520
    2222 0.138123 0.00475011
    2223 0.136983 0.00470713
    2224 0.136061 0.00468846
    2225 0.135224 0.00469134
    2226 0.134445 0.00473848
    2227 0.133354 0.00472058
    2228 0.132285 0.00470086
    2229 0.131631 0.00466952
    2230 0.130410 0.00457399
    2231 0.129678 0.00453087
    2232 0.128483 0.00448398
    2233 0.127673 0.00443866
    2234 0.127128 0.00441195
    2235 0.125724 0.00435609
    2236 0.125118 0.00429224
    2237 0.123996 0.00425179
    2238 0.122982 0.00425989
    2239 0.120830 0.00419211
    2240 0.119997 0.00414666
    2241 0.118501 0.00410284
    2242 0.117900 0.00408655
    2243 0.115467 0.00401118
    2244 0.114318 0.00397948
    2245 0.113290 0.00397032
    2246 0.111588 0.00395091
    2247 0.110209 0.00391239
    2248 0.108676 0.00387142
    2249 0.107141 0.00388558
    2250 0.105868 0.00386771
    2251 0.104391 0.00380592
    2252 0.102425 0.00375815
    2253 0.100468 0.00372095
    2254 0.0995587 0.00372157
    2255 0.0978673 0.00371258
    2256 0.0959180 0.00369733
    2257 0.0942141 0.00371225
    2258 0.0920600 0.00368929
    2259 0.0903203 0.00367218
    2260 0.0884945 0.00365313
    2261 0.0864303 0.00360953
    2262 0.0842217 0.00358161
    2263 0.0827164 0.00358299
    2264 0.0807870 0.00356458
    2265 0.0785482 0.00353200
    2266 0.0763251 0.00351494
    2267 0.0742422 0.00353346
    2268 0.0720802 0.00351483
    2269 0.0703255 0.00349741
    2270 0.0677468 0.00346034
    2271 0.0656957 0.00342027
    2272 0.0639255 0.00338912
    2273 0.0619516 0.00335658
    2274 0.0603828 0.00333289
    2275 0.0582612 0.00327050
    2276 0.0565872 0.00324637
    2277 0.0552010 0.00321611
    2278 0.0533856 0.00320000
    2279 0.0522296 0.00315985
    2280 0.0508626 0.00307509
    2281 0.0496811 0.00301715
    2282 0.0486662 0.00299046
    2283 0.0470890 0.00302183
    2284 0.0457602 0.00305789
    2285 0.0449424 0.00305321
    2286 0.0438689 0.00305870
    2287 0.0425514 0.00304042
    2288 0.0415593 0.00300463
    2289 0.0403675 0.00295890
    2290 0.0391650 0.00292313
    2291 0.0381071 0.00290064
    2292 0.0368795 0.00283959
    2293 0.0356826 0.00283375
    2294 0.0340887 0.00287924
    2295 0.0326806 0.00287341
    2296 0.0312962 0.00286477
    2297 0.0298858 0.00284266
    2298 0.0285822 0.00279221
    2299 0.0270863 0.00272176
    2300 0.0255865 0.00265469
    2301 0.0243556 0.00260233
    2302 0.0232639 0.00251162
    2303 0.0219587 0.00247368
    2304 0.0208662 0.00245589
    2305 0.0196974 0.00245866
    2306 0.0188678 0.00252735
    2307 0.0182247 0.00256228
    2308 0.0175600 0.00261788
    2309 0.0170967 0.00261945
    2310 0.0167364 0.00251232
    2311 0.0165817 0.00248077
    2312 0.0167268 0.00244636
    2313 0.0170410 0.00243941
    2314 0.0175588 0.00250272
    2315 0.0183561 0.00259817
    2316 0.0193081 0.00258930
    2317 0.0202505 0.00258178
    2318 0.0216267 0.00260060
    2319 0.0230494 0.00262624
    2320 0.0246928 0.00265216
    2321 0.0263137 0.00271261
    2322 0.0275041 0.00285377
    2323 0.0286220 0.00292366
    2324 0.0295436 0.00298947
    2325 0.0302568 0.00310611
    2326 0.0310416 0.00312348
    2327 0.0317041 0.00311801
    2328 0.0320310 0.00303534
    2329 0.0321458 0.00297751
    2330 0.0321921 0.00291919
    2331 0.0321247 0.00283911
    2332 0.0317377 0.00278751
    2333 0.0313726 0.00277541
    2334 0.0311622 0.00280283
    2335 0.0304965 0.00282143
    2336 0.0297401 0.00283552
    2337 0.0290746 0.00294618
    2338 0.0284536 0.00297476
    2339 0.0276675 0.00294445
    2340 0.0269369 0.00291471
    2341 0.0261217 0.00287484
    2342 0.0251050 0.00282271
    2343 0.0240986 0.00272667
    2344 0.0230100 0.00265317
    2345 0.0219903 0.00259571
    2346 0.0212274 0.00258029
    2347 0.0205633 0.00265127
    2348 0.0200673 0.00267636
    2349 0.0196313 0.00269083
    2350 0.0192744 0.00267331
    2351 0.0190238 0.00254081
    2352 0.0191084 0.00252556
    2353 0.0195101 0.00251919
    2354 0.0197224 0.00250914
    2355 0.0204621 0.00259140
    2356 0.0209999 0.00258951
    2357 0.0215873 0.00260920
    2358 0.0218882 0.00264233
    2359 0.0221809 0.00258291
    2360 0.0227109 0.00262116
    2361 0.0229776 0.00271466
    2362 0.0230632 0.00277240
    2363 0.0232014 0.00290875
    2364 0.0232685 0.00295789
    2365 0.0229549 0.00286901
    2366 0.0226896 0.00288142
    2367 0.0224519 0.00292778
    2368 0.0225058 0.00292344
    2369 0.0222721 0.00287032
    2370 0.0222466 0.00282275
    2371 0.0222274 0.00279521
    2372 0.0222306 0.00275099
    2373 0.0222161 0.00265440
    2374 0.0222834 0.00282276
    2375 0.0222376 0.00282311
    2376 0.0221428 0.00284061
    2377 0.0221794 0.00300041
    2378 0.0222365 0.00300410
    2379 0.0220547 0.00301054
    2380 0.0216330 0.00327613
    2381 0.0213070 0.00339190
    2382 0.0210807 0.00347108
    2383 0.0207996 0.00353119
    2384 0.0202798 0.00351035
    2385 0.0199394 0.00366568
    2386 0.0194661 0.00371178
    2387 0.0193954 0.00365815
    2388 0.0195832 0.00390943
    2389 0.0199234 0.00391122
    2390 0.0199710 0.00376008
    2391 0.0198873 0.00361416
    2392 0.0196991 0.00340403
    2393 0.0194170 0.00303313
    2394 0.0192783 0.00272982
    2395 0.0194642 0.00274629
    2396 0.0196023 0.00282628
    2397 0.0195463 0.00313104
    2398 0.0195628 0.00338831
    2399 0.0193574 0.00346949
    2400 0.0189766 0.00376033
    2401 0.0189568 0.00389943
    2402 0.0192078 0.00373264
    2403 0.0193551 0.00371148
    2404 0.0193053 0.00370180
    2405 0.0194025 0.00360357
    2406 0.0194205 0.00385864
    2407 0.0196034 0.00338610
    2408 0.0193758 0.00295796
    2409 0.0187543 0.00320428
    2410 0.0182703 0.00313958
    2411 0.0177407 0.00300104
    2412 0.0171472 0.00315005
    2413 0.0170028 0.00311210
    2414 0.0170137 0.00350297
    2415 0.0166020 0.00447365
    2416 0.0164475 0.00510237
    2417 0.0169318 0.00494841
    2418 0.0173950 0.00466975
    2419 0.0179848 0.00444147
    2420 0.0184601 0.00462671
    2421 0.0184361 0.00496563
    2422 0.0184383 0.00506644
    2423 0.0181973 0.00461743
    2424 0.0184070 0.00446193
    2425 0.0189050 0.00391409
    2426 0.0193320 0.00356663
    2427 0.0194177 0.00327813
    2428 0.0192006 0.00391895
    2429 0.0187167 0.00441283
    2430 0.0182009 0.00440556
    2431 0.0181820 0.00429787
    2432 0.0180589 0.00411387
    2433 0.0180030 0.00377603
    2434 0.0178375 0.00391874
    2435 0.0166937 0.00407465
    2436 0.0158152 0.00416922
    2437 0.0159339 0.00371757
    2438 0.0161245 0.00348538
    2439 0.0164065 0.00371942
    2440 0.0166185 0.00402313
    2441 0.0161281 0.00370287
    2442 0.0155896 0.00448761
    2443 0.0153980 0.00530214
    2444 0.0142777 0.00582739
    2445 0.0124290 0.00610874
    2446 0.0114202 0.00680783
    2447 0.0102591 0.00738536
    2448 0.00855631 0.00688606
    2449 0.00828802 0.00650166
    2450 0.00795643 0.00663780
    2451 0.00866482 0.00752041
    2452 0.00996075 0.00779012
    2453 0.0121879 0.00800432
    2454 0.0145866 0.00769070
    2455 0.0132197 0.00627306
    2456 0.0137580 0.00628642
    2457 0.0142645 0.00612504
    2458 0.0146725 0.00591053
    2459 0.0148108 0.00577217
    2460 0.0146891 0.00571980
    2461 0.0144383 0.00570739
    2462 0.0141076 0.00558757
    2463 0.0139230 0.00550572
    2464 0.0139113 0.00559442
    2465 0.0139224 0.00581223
    2466 0.0139398 0.00619135
    2467 0.0137851 0.00663925
    2468 0.0133122 0.00701742
    2469 0.0126322 0.00721174
    2470 0.0118613 0.00726132
    2471 0.0110400 0.00713992
    2472 0.0101796 0.00685946
    2473 0.00927167 0.00641595
    2474 0.00818507 0.00598776
    2475 0.00701457 0.00568600
    2476 0.00585442 0.00536758
    2477 0.00491650 0.00525766
    2478 0.00419625 0.00544335
    2479 0.00346165 0.00536211
    2480 0.00292464 0.00527728
    2481 0.00244924 0.00486557
    2482 0.00214444 0.00473609
    2483 0.00222997 0.00544803
    2484 0.00232545 0.00615595
    2485 0.00254957 0.00750390
    2486 0.00293664 0.00964951
    2487 0.00302096 0.0107877
    2488 0.00284066 0.0103375
    2489 0.00268292 0.0100655
    2490 0.00266795 0.0101288
    2491 0.00257150 0.0101464
    2492 0.00267595 0.0101322
    2493 0.00259768 0.00975239
    2494 0.00227381 0.00768571
    2495 0.00228037 0.00630249
    2496 0.000000 0.000000
    2497 0.00114900 0.00574500
    2498 0.000000 0.000000
    2499 0.00112050 0.00406052
    2500 0.00360420 0.0152213
