350.0 0.014498
351.0 0.014704
352.0 0.014910
353.0 0.015007
354.0 0.015108
355.0 0.015205
356.0 0.015308
357.0 0.015352
358.0 0.015396
359.0 0.015441
360.0 0.015497
361.0 0.015547
362.0 0.015597
363.0 0.015706
364.0 0.015812
365.0 0.015915
366.0 0.016011
367.0 0.016191
368.0 0.016368
369.0 0.016548
370.0 0.016614
371.0 0.016683
372.0 0.016753
373.0 0.016787
374.0 0.016824
375.0 0.016862
376.0 0.016898
377.0 0.017030
378.0 0.017166
379.0 0.017301
380.0 0.017336
381.0 0.017374
382.0 0.017412
383.0 0.017341
384.0 0.017273
385.0 0.017205
386.0 0.017139
387.0 0.017191
388.0 0.017243
389.0 0.017292
390.0 0.017231
391.0 0.017174
392.0 0.017117
393.0 0.016858
394.0 0.016618
395.0 0.016395
396.0 0.016188
397.0 0.016151
398.0 0.016117
399.0 0.016089
400.0 0.016200
401.0 0.016301
402.0 0.016398
403.0 0.016384
404.0 0.016373
405.0 0.016361
406.0 0.016303
407.0 0.016244
408.0 0.016188
409.0 0.016132
410.0 0.016074
411.0 0.016015
412.0 0.015956
413.0 0.015942
414.0 0.015928
415.0 0.015917
416.0 0.015900
417.0 0.015883
418.0 0.015865
419.0 0.015848
420.0 0.015812
421.0 0.015775
422.0 0.015738
423.0 0.015709
424.0 0.015683
425.0 0.015653
426.0 0.015627
427.0 0.015492
428.0 0.015353
429.0 0.015218
430.0 0.015054
431.0 0.014893
432.0 0.014739
433.0 0.014684
434.0 0.014626
435.0 0.014574
436.0 0.014522
437.0 0.014441
438.0 0.014364
439.0 0.014290
440.0 0.014209
441.0 0.014131
442.0 0.014054
443.0 0.014014
444.0 0.013975
445.0 0.013936
446.0 0.013897
447.0 0.013846
448.0 0.013794
449.0 0.013742
450.0 0.013728
451.0 0.013715
452.0 0.013701
453.0 0.013694
454.0 0.013689
455.0 0.013682
456.0 0.013678
457.0 0.013706
458.0 0.013733
459.0 0.013760
460.0 0.013798
461.0 0.013836
462.0 0.013870
463.0 0.013879
464.0 0.013887
465.0 0.013893
466.0 0.013902
467.0 0.013879
468.0 0.013856
469.0 0.013832
470.0 0.013797
471.0 0.013761
472.0 0.013726
473.0 0.013696
474.0 0.013667
475.0 0.013638
476.0 0.013608
477.0 0.013598
478.0 0.013591
479.0 0.013581
480.0 0.013568
481.0 0.013554
482.0 0.013541
483.0 0.013483
484.0 0.013426
485.0 0.013368
486.0 0.013311
487.0 0.013170
488.0 0.013030
489.0 0.012893
490.0 0.012775
491.0 0.012661
492.0 0.012546
493.0 0.012445
494.0 0.012343
495.0 0.012242
496.0 0.012140
497.0 0.011960
498.0 0.011776
499.0 0.011592
500.0 0.011364
501.0 0.011133
502.0 0.010904
503.0 0.010702
504.0 0.010497
505.0 0.010295
506.0 0.010093
507.0 0.009808
508.0 0.009520
509.0 0.009233
510.0 0.008976
511.0 0.008720
512.0 0.008455
513.0 0.008316
514.0 0.008173
515.0 0.008028
516.0 0.007882
517.0 0.007758
518.0 0.007635
519.0 0.007514
520.0 0.007447
521.0 0.007381
522.0 0.007318
523.0 0.007270
524.0 0.007223
525.0 0.007175
526.0 0.007128
527.0 0.007052
528.0 0.006976
529.0 0.006903
530.0 0.006824
531.0 0.006744
532.0 0.006665
533.0 0.006602
534.0 0.006539
535.0 0.006479
536.0 0.006416
537.0 0.006315
538.0 0.006217
539.0 0.006119
540.0 0.006008
541.0 0.005897
542.0 0.005786
543.0 0.005694
544.0 0.005606
545.0 0.005518
546.0 0.005429
547.0 0.005315
548.0 0.005201
549.0 0.005087
550.0 0.005014
551.0 0.004945
552.0 0.004872
553.0 0.004802
554.0 0.004730
555.0 0.004660
556.0 0.004588
557.0 0.004515
558.0 0.004442
559.0 0.004369
560.0 0.004315
561.0 0.004261
562.0 0.004211
563.0 0.004157
564.0 0.004081
565.0 0.004005
566.0 0.003931
567.0 0.003842
568.0 0.003750
569.0 0.003661
570.0 0.003585
571.0 0.003508
572.0 0.003432
573.0 0.003358
574.0 0.003243
575.0 0.003128
576.0 0.003014
577.0 0.002892
578.0 0.002770
579.0 0.002649
580.0 0.002566
581.0 0.002482
582.0 0.002399
583.0 0.002316
584.0 0.002217
585.0 0.002121
586.0 0.002018
587.0 0.001929
588.0 0.001839
589.0 0.001749
590.0 0.001685
591.0 0.001621
592.0 0.001557
593.0 0.001493
594.0 0.001416
595.0 0.001342
596.0 0.001265
597.0 0.001201
598.0 0.001134
599.0 0.001070
600.0 0.001031
601.0 0.000996
602.0 0.000958
603.0 0.000923
604.0 0.000891
605.0 0.000862
606.0 0.000830
607.0 0.000810
608.0 0.000794
609.0 0.000775
610.0 0.000769
611.0 0.000759
612.0 0.000753
613.0 0.000743
614.0 0.000734
615.0 0.000724
616.0 0.000711
617.0 0.000705
618.0 0.000698
619.0 0.000692
620.0 0.000685
621.0 0.000679
622.0 0.000673
623.0 0.000666
624.0 0.000660
625.0 0.000651
626.0 0.000641
627.0 0.000634
628.0 0.000628
629.0 0.000621
630.0 0.000615
631.0 0.000608
632.0 0.000602
633.0 0.000595
634.0 0.000589
635.0 0.000583
636.0 0.000576
637.0 0.000570
638.0 0.000563
639.0 0.000557
640.0 0.000554
641.0 0.000547
642.0 0.000544
643.0 0.000537
644.0 0.000530
645.0 0.000524
646.0 0.000513
647.0 0.000510
648.0 0.000504
649.0 0.000497
650.0 0.000490
651.0 0.000484
652.0 0.000477
653.0 0.000471
654.0 0.000461
655.0 0.000451
656.0 0.000442
657.0 0.000431
658.0 0.000425
659.0 0.000414
660.0 0.000411
661.0 0.000407
662.0 0.000404
663.0 0.000400
664.0 0.000403
665.0 0.000402
666.0 0.000405
667.0 0.000404
668.0 0.000407
669.0 0.000410
670.0 0.000409
671.0 0.000412
672.0 0.000415
673.0 0.000418
674.0 0.000417
675.0 0.000420
676.0 0.000420
677.0 0.000420
678.0 0.000417
679.0 0.000417
680.0 0.000417
681.0 0.000410
682.0 0.000404
683.0 0.000398
684.0 0.000391
685.0 0.000382
686.0 0.000375
687.0 0.000363
688.0 0.000353
689.0 0.000341
690.0 0.000331
691.0 0.000322
692.0 0.000313
693.0 0.000307
694.0 0.000294
695.0 0.000285
696.0 0.000276
697.0 0.000266
698.0 0.000256
699.0 0.000243
700.0 0.000237
