350.0 0.011758
351.0 0.011929
352.0 0.012097
353.0 0.012179
354.0 0.012264
355.0 0.012350
356.0 0.012434
357.0 0.012463
358.0 0.012491
359.0 0.012517
360.0 0.012574
361.0 0.012628
362.0 0.012676
363.0 0.012773
364.0 0.012867
365.0 0.012954
366.0 0.013042
367.0 0.013193
368.0 0.013349
369.0 0.013500
370.0 0.013564
371.0 0.013631
372.0 0.013698
373.0 0.013746
374.0 0.013793
375.0 0.013838
376.0 0.013887
377.0 0.014017
378.0 0.014153
379.0 0.014288
380.0 0.014333
381.0 0.014378
382.0 0.014429
383.0 0.014388
384.0 0.014346
385.0 0.014304
386.0 0.014266
387.0 0.014335
388.0 0.014400
389.0 0.014462
390.0 0.014430
391.0 0.014402
392.0 0.014370
393.0 0.014172
394.0 0.013987
395.0 0.013814
396.0 0.013656
397.0 0.013644
398.0 0.013633
399.0 0.013624
400.0 0.013738
401.0 0.013846
402.0 0.013944
403.0 0.013946
404.0 0.013951
405.0 0.013952
406.0 0.013913
407.0 0.013876
408.0 0.013840
409.0 0.013806
410.0 0.013776
411.0 0.013746
412.0 0.013719
413.0 0.013728
414.0 0.013736
415.0 0.013744
416.0 0.013749
417.0 0.013751
418.0 0.013754
419.0 0.013755
420.0 0.013744
421.0 0.013737
422.0 0.013725
423.0 0.013721
424.0 0.013717
425.0 0.013710
426.0 0.013706
427.0 0.013605
428.0 0.013509
429.0 0.013411
430.0 0.013285
431.0 0.013166
432.0 0.013050
433.0 0.013014
434.0 0.012981
435.0 0.012951
436.0 0.012918
437.0 0.012873
438.0 0.012827
439.0 0.012784
440.0 0.012735
441.0 0.012689
442.0 0.012643
443.0 0.012623
444.0 0.012603
445.0 0.012583
446.0 0.012563
447.0 0.012537
448.0 0.012513
449.0 0.012487
450.0 0.012492
451.0 0.012497
452.0 0.012503
453.0 0.012508
454.0 0.012513
455.0 0.012515
456.0 0.012521
457.0 0.012555
458.0 0.012588
459.0 0.012622
460.0 0.012663
461.0 0.012704
462.0 0.012744
463.0 0.012753
464.0 0.012765
465.0 0.012773
466.0 0.012785
467.0 0.012768
468.0 0.012751
469.0 0.012738
470.0 0.012708
471.0 0.012679
472.0 0.012650
473.0 0.012626
474.0 0.012603
475.0 0.012580
476.0 0.012554
477.0 0.012553
478.0 0.012553
479.0 0.012552
480.0 0.012542
481.0 0.012531
482.0 0.012524
483.0 0.012473
484.0 0.012424
485.0 0.012376
486.0 0.012324
487.0 0.012206
488.0 0.012088
489.0 0.011967
490.0 0.011868
491.0 0.011772
492.0 0.011674
493.0 0.011588
494.0 0.011502
495.0 0.011413
496.0 0.011327
497.0 0.011165
498.0 0.011003
499.0 0.010841
500.0 0.010638
501.0 0.010432
502.0 0.010226
503.0 0.010042
504.0 0.009859
505.0 0.009675
506.0 0.009495
507.0 0.009239
508.0 0.008982
509.0 0.008723
510.0 0.008502
511.0 0.008277
512.0 0.008046
513.0 0.007919
514.0 0.007793
515.0 0.007666
516.0 0.007536
517.0 0.007422
518.0 0.007310
519.0 0.007199
520.0 0.007136
521.0 0.007075
522.0 0.007012
523.0 0.006971
524.0 0.006926
525.0 0.006885
526.0 0.006843
527.0 0.006770
528.0 0.006700
529.0 0.006631
530.0 0.006558
531.0 0.006485
532.0 0.006412
533.0 0.006355
534.0 0.006298
535.0 0.006241
536.0 0.006184
537.0 0.006095
538.0 0.006004
539.0 0.005915
540.0 0.005810
541.0 0.005709
542.0 0.005604
543.0 0.005524
544.0 0.005442
545.0 0.005360
546.0 0.005282
547.0 0.005180
548.0 0.005079
549.0 0.004977
550.0 0.004914
551.0 0.004851
552.0 0.004787
553.0 0.004724
554.0 0.004658
555.0 0.004591
556.0 0.004528
557.0 0.004461
558.0 0.004395
559.0 0.004328
560.0 0.004281
561.0 0.004233
562.0 0.004186
563.0 0.004138
564.0 0.004072
565.0 0.004002
566.0 0.003935
567.0 0.003853
568.0 0.003770
569.0 0.003687
570.0 0.003618
571.0 0.003547
572.0 0.003478
573.0 0.003408
574.0 0.003303
575.0 0.003198
576.0 0.003089
577.0 0.002975
578.0 0.002860
579.0 0.002745
580.0 0.002662
581.0 0.002579
582.0 0.002500
583.0 0.002417
584.0 0.002321
585.0 0.002222
586.0 0.002123
587.0 0.002033
588.0 0.001944
589.0 0.001854
590.0 0.001787
591.0 0.001720
592.0 0.001653
593.0 0.001586
594.0 0.001506
595.0 0.001426
596.0 0.001345
597.0 0.001278
598.0 0.001211
599.0 0.001144
600.0 0.001105
601.0 0.001067
602.0 0.001032
603.0 0.000993
604.0 0.000958
605.0 0.000923
606.0 0.000888
607.0 0.000871
608.0 0.000855
609.0 0.000836
610.0 0.000830
611.0 0.000820
612.0 0.000814
613.0 0.000804
614.0 0.000795
615.0 0.000785
616.0 0.000772
617.0 0.000763
618.0 0.000753
619.0 0.000743
620.0 0.000737
621.0 0.000734
622.0 0.000727
623.0 0.000721
624.0 0.000715
625.0 0.000708
626.0 0.000699
627.0 0.000689
628.0 0.000679
629.0 0.000669
630.0 0.000663
631.0 0.000656
632.0 0.000653
633.0 0.000647
634.0 0.000640
635.0 0.000630
636.0 0.000624
637.0 0.000617
638.0 0.000611
639.0 0.000608
640.0 0.000598
641.0 0.000592
642.0 0.000585
643.0 0.000578
644.0 0.000572
645.0 0.000565
646.0 0.000561
647.0 0.000555
648.0 0.000548
649.0 0.000541
650.0 0.000535
651.0 0.000528
652.0 0.000522
653.0 0.000512
654.0 0.000502
655.0 0.000489
656.0 0.000476
657.0 0.000469
658.0 0.000462
659.0 0.000452
660.0 0.000452
661.0 0.000451
662.0 0.000451
663.0 0.000451
664.0 0.000450
665.0 0.000449
666.0 0.000448
667.0 0.000454
668.0 0.000457
669.0 0.000459
670.0 0.000465
671.0 0.000471
672.0 0.000474
673.0 0.000480
674.0 0.000486
675.0 0.000489
676.0 0.000495
677.0 0.000492
678.0 0.000492
679.0 0.000489
680.0 0.000489
681.0 0.000482
682.0 0.000479
683.0 0.000476
684.0 0.000467
685.0 0.000460
686.0 0.000451
687.0 0.000435
688.0 0.000416
689.0 0.000397
690.0 0.000384
691.0 0.000372
692.0 0.000359
693.0 0.000347
694.0 0.000334
695.0 0.000322
696.0 0.000309
697.0 0.000296
698.0 0.000283
699.0 0.000270
700.0 0.000264
