350.0  0.013719
351.0  0.013932
352.0  0.014138
353.0  0.014252
354.0  0.014362
355.0  0.014472
356.0  0.014588
357.0  0.014671
358.0  0.014751
359.0  0.014827
360.0  0.014903
361.0  0.014976
362.0  0.015042
363.0  0.015167
364.0  0.015290
365.0  0.015405
366.0  0.015518
367.0  0.015698
368.0  0.015878
369.0  0.016058
370.0  0.016147
371.0  0.016239
372.0  0.016330
373.0  0.016381
374.0  0.016431
375.0  0.016481
376.0  0.016530
377.0  0.016665
378.0  0.016804
379.0  0.016943
380.0  0.016997
381.0  0.017054
382.0  0.017114
383.0  0.017062
384.0  0.017010
385.0  0.016958
386.0  0.016911
387.0  0.016976
388.0  0.017040
389.0  0.017102
390.0  0.017057
391.0  0.017012
392.0  0.016967
393.0  0.016733
394.0  0.016516
395.0  0.016314
396.0  0.016126
397.0  0.016105
398.0  0.016083
399.0  0.016065
400.0  0.016185
401.0  0.016296
402.0  0.016397
403.0  0.016392
404.0  0.016387
405.0  0.016382
406.0  0.016329
407.0  0.016277
408.0  0.016227
409.0  0.016174
410.0  0.016122
411.0  0.016066
412.0  0.016014
413.0  0.016005
414.0  0.016001
415.0  0.015993
416.0  0.015982
417.0  0.015971
418.0  0.015957
419.0  0.015946
420.0  0.015916
421.0  0.015885
422.0  0.015852
423.0  0.015828
424.0  0.015802
425.0  0.015776
426.0  0.015752
427.0  0.015620
428.0  0.015487
429.0  0.015352
430.0  0.015194
431.0  0.015043
432.0  0.014894
433.0  0.014839
434.0  0.014787
435.0  0.014735
436.0  0.014686
437.0  0.014608
438.0  0.014537
439.0  0.014466
440.0  0.014394
441.0  0.014323
442.0  0.014257
443.0  0.014218
444.0  0.014185
445.0  0.014149
446.0  0.014113
447.0  0.014067
448.0  0.014025
449.0  0.013979
450.0  0.013972
451.0  0.013968
452.0  0.013960
453.0  0.013962
454.0  0.013961
455.0  0.013963
456.0  0.013962
457.0  0.013999
458.0  0.014033
459.0  0.014070
460.0  0.014113
461.0  0.014160
462.0  0.014207
463.0  0.014222
464.0  0.014237
465.0  0.014249
466.0  0.014264
467.0  0.014257
468.0  0.014246
469.0  0.014239
470.0  0.014216
471.0  0.014196
472.0  0.014176
473.0  0.014157
474.0  0.014137
475.0  0.014117
476.0  0.014100
477.0  0.014105
478.0  0.014114
479.0  0.014120
480.0  0.014119
481.0  0.014119
482.0  0.014115
483.0  0.014063
484.0  0.014012
485.0  0.013957
486.0  0.013906
487.0  0.013769
488.0  0.013635
489.0  0.013504
490.0  0.013392
491.0  0.013281
492.0  0.013173
493.0  0.013071
494.0  0.012973
495.0  0.012871
496.0  0.012772
497.0  0.012588
498.0  0.012405
499.0  0.012220
500.0  0.011983
501.0  0.011748
502.0  0.011510
503.0  0.011298
504.0  0.011087
505.0  0.010875
506.0  0.010663
507.0  0.010359
508.0  0.010059
509.0  0.009755
510.0  0.009483
511.0  0.009211
512.0  0.008932
513.0  0.008783
514.0  0.008634
515.0  0.008486
516.0  0.008334
517.0  0.008210
518.0  0.008086
519.0  0.007965
520.0  0.007899
521.0  0.007832
522.0  0.007769
523.0  0.007724
524.0  0.007680
525.0  0.007635
526.0  0.007591
527.0  0.007518
528.0  0.007445
529.0  0.007372
530.0  0.007293
531.0  0.007214
532.0  0.007135
533.0  0.007068
534.0  0.007005
535.0  0.006939
536.0  0.006876
537.0  0.006771
538.0  0.006670
539.0  0.006566
540.0  0.006445
541.0  0.006324
542.0  0.006204
543.0  0.006112
544.0  0.006017
545.0  0.005923
546.0  0.005828
547.0  0.005708
548.0  0.005584
549.0  0.005460
550.0  0.005384
551.0  0.005305
552.0  0.005229
553.0  0.005153
554.0  0.005077
555.0  0.005001
556.0  0.004925
557.0  0.004849
558.0  0.004773
559.0  0.004694
560.0  0.004640
561.0  0.004583
562.0  0.004526
563.0  0.004469
564.0  0.004390
565.0  0.004307
566.0  0.004224
567.0  0.004129
568.0  0.004033
569.0  0.003938
570.0  0.003855
571.0  0.003776
572.0  0.003693
573.0  0.003610
574.0  0.003488
575.0  0.003367
576.0  0.003243
577.0  0.003115
578.0  0.002984
579.0  0.002852
580.0  0.002766
581.0  0.002677
582.0  0.002587
583.0  0.002501
584.0  0.002399
585.0  0.002296
586.0  0.002190
587.0  0.002094
588.0  0.001998
589.0  0.001902
590.0  0.001838
591.0  0.001771
592.0  0.001707
593.0  0.001643
594.0  0.001560
595.0  0.001477
596.0  0.001393
597.0  0.001326
598.0  0.001259
599.0  0.001192
600.0  0.001153
601.0  0.001115
602.0  0.001077
603.0  0.001039
604.0  0.001007
605.0  0.000975
606.0  0.000943
607.0  0.000923
608.0  0.000901
609.0  0.000881
610.0  0.000872
611.0  0.000862
612.0  0.000856
613.0  0.000846
614.0  0.000834
615.0  0.000824
616.0  0.000811
617.0  0.000805
618.0  0.000795
619.0  0.000789
620.0  0.000782
621.0  0.000776
622.0  0.000769
623.0  0.000763
624.0  0.000754
625.0  0.000747
626.0  0.000738
627.0  0.000728
628.0  0.000722
629.0  0.000712
630.0  0.000705
631.0  0.000699
632.0  0.000692
633.0  0.000686
634.0  0.000679
635.0  0.000670
636.0  0.000660
637.0  0.000657
638.0  0.000650
639.0  0.000644
640.0  0.000641
641.0  0.000634
642.0  0.000631
643.0  0.000628
644.0  0.000614
645.0  0.000604
646.0  0.000594
647.0  0.000587
648.0  0.000581
649.0  0.000574
650.0  0.000568
651.0  0.000561
652.0  0.000555
653.0  0.000548
654.0  0.000535
655.0  0.000522
656.0  0.000506
657.0  0.000499
658.0  0.000492
659.0  0.000485
660.0  0.000481
661.0  0.000478
662.0  0.000471
663.0  0.000468
664.0  0.000467
665.0  0.000469
666.0  0.000471
667.0  0.000471
668.0  0.000470
669.0  0.000473
670.0  0.000475
671.0  0.000478
672.0  0.000481
673.0  0.000484
674.0  0.000490
675.0  0.000493
676.0  0.000495
677.0  0.000495
678.0  0.000495
679.0  0.000496
680.0  0.000492
681.0  0.000486
682.0  0.000480
683.0  0.000473
684.0  0.000470
685.0  0.000464
686.0  0.000457
687.0  0.000445
688.0  0.000429
689.0  0.000413
690.0  0.000397
691.0  0.000385
692.0  0.000369
693.0  0.000357
694.0  0.000344
695.0  0.000335
696.0  0.000322
697.0  0.000313
698.0  0.000303
699.0  0.000293
700.0  0.000283
