350.0 0.005397
351.0 0.005504
352.0 0.005608
353.0 0.005674
354.0 0.005737
355.0 0.005803
356.0 0.005866
357.0 0.005926
358.0 0.005986
359.0 0.006043
360.0 0.006111
361.0 0.006175
362.0 0.006233
363.0 0.006308
364.0 0.006384
365.0 0.006456
366.0 0.006522
367.0 0.006629
368.0 0.006736
369.0 0.006842
370.0 0.006910
371.0 0.006978
372.0 0.007050
373.0 0.007103
374.0 0.007157
375.0 0.007211
376.0 0.007264
377.0 0.007364
378.0 0.007467
379.0 0.007573
380.0 0.007626
381.0 0.007686
382.0 0.007742
383.0 0.007755
384.0 0.007769
385.0 0.007782
386.0 0.007795
387.0 0.007882
388.0 0.007965
389.0 0.008045
390.0 0.008072
391.0 0.008095
392.0 0.008118
393.0 0.008049
394.0 0.007986
395.0 0.007926
396.0 0.007874
397.0 0.007916
398.0 0.007953
399.0 0.007984
400.0 0.008089
401.0 0.008184
402.0 0.008275
403.0 0.008309
404.0 0.008343
405.0 0.008378
406.0 0.008376
407.0 0.008375
408.0 0.008376
409.0 0.008375
410.0 0.008383
411.0 0.008394
412.0 0.008403
413.0 0.008443
414.0 0.008481
415.0 0.008522
416.0 0.008552
417.0 0.008583
418.0 0.008617
419.0 0.008647
420.0 0.008692
421.0 0.008736
422.0 0.008780
423.0 0.008807
424.0 0.008834
425.0 0.008858
426.0 0.008886
427.0 0.008860
428.0 0.008832
429.0 0.008806
430.0 0.008764
431.0 0.008726
432.0 0.008688
433.0 0.008695
434.0 0.008706
435.0 0.008714
436.0 0.008717
437.0 0.008741
438.0 0.008764
439.0 0.008784
440.0 0.008820
441.0 0.008856
442.0 0.008893
443.0 0.008935
444.0 0.008981
445.0 0.009024
446.0 0.009064
447.0 0.009123
448.0 0.009182
449.0 0.009238
450.0 0.009304
451.0 0.009369
452.0 0.009435
453.0 0.009472
454.0 0.009508
455.0 0.009544
456.0 0.009583
457.0 0.009648
458.0 0.009713
459.0 0.009777
460.0 0.009853
461.0 0.009929
462.0 0.010004
463.0 0.010057
464.0 0.010110
465.0 0.010162
466.0 0.010215
467.0 0.010283
468.0 0.010352
469.0 0.010424
470.0 0.010492
471.0 0.010561
472.0 0.010630
473.0 0.010682
474.0 0.010735
475.0 0.010784
476.0 0.010836
477.0 0.010918
478.0 0.011000
479.0 0.011082
480.0 0.011148
481.0 0.011217
482.0 0.011282
483.0 0.011294
484.0 0.011305
485.0 0.011313
486.0 0.011324
487.0 0.011296
488.0 0.011271
489.0 0.011244
490.0 0.011255
491.0 0.011266
492.0 0.011278
493.0 0.011289
494.0 0.011297
495.0 0.011309
496.0 0.011317
497.0 0.011313
498.0 0.011308
499.0 0.011303
500.0 0.011267
501.0 0.011230
502.0 0.011194
503.0 0.011145
504.0 0.011093
505.0 0.011041
506.0 0.010992
507.0 0.010909
508.0 0.010822
509.0 0.010739
510.0 0.010649
511.0 0.010560
512.0 0.010470
513.0 0.010421
514.0 0.010372
515.0 0.010323
516.0 0.010275
517.0 0.010244
518.0 0.010214
519.0 0.010183
520.0 0.010202
521.0 0.010213
522.0 0.010228
523.0 0.010240
524.0 0.010249
525.0 0.010261
526.0 0.010273
527.0 0.010268
528.0 0.010267
529.0 0.010263
530.0 0.010255
531.0 0.010249
532.0 0.010241
533.0 0.010228
534.0 0.010215
535.0 0.010201
536.0 0.010188
537.0 0.010145
538.0 0.010103
539.0 0.010057
540.0 0.009996
541.0 0.009931
542.0 0.009866
543.0 0.009808
544.0 0.009747
545.0 0.009690
546.0 0.009629
547.0 0.009549
548.0 0.009468
549.0 0.009388
550.0 0.009339
551.0 0.009294
552.0 0.009242
553.0 0.009194
554.0 0.009158
555.0 0.009119
556.0 0.009084
557.0 0.009025
558.0 0.008971
559.0 0.008916
560.0 0.008871
561.0 0.008826
562.0 0.008781
563.0 0.008736
564.0 0.008656
565.0 0.008576
566.0 0.008496
567.0 0.008378
568.0 0.008260
569.0 0.008142
570.0 0.008028
571.0 0.007917
572.0 0.007803
573.0 0.007692
574.0 0.007504
575.0 0.007317
576.0 0.007132
577.0 0.006916
578.0 0.006704
579.0 0.006490
580.0 0.006340
581.0 0.006192
582.0 0.006041
583.0 0.005890
584.0 0.005707
585.0 0.005523
586.0 0.005336
587.0 0.005162
588.0 0.004988
589.0 0.004814
590.0 0.004689
591.0 0.004564
592.0 0.004439
593.0 0.004317
594.0 0.004156
595.0 0.003994
596.0 0.003835
597.0 0.003697
598.0 0.003558
599.0 0.003419
600.0 0.003342
601.0 0.003261
602.0 0.003183
603.0 0.003102
604.0 0.003030
605.0 0.002954
606.0 0.002882
607.0 0.002840
608.0 0.002798
609.0 0.002753
610.0 0.002735
611.0 0.002716
612.0 0.002697
613.0 0.002678
614.0 0.002652
615.0 0.002626
616.0 0.002600
617.0 0.002581
618.0 0.002562
619.0 0.002539
620.0 0.002526
621.0 0.002514
622.0 0.002501
623.0 0.002484
624.0 0.002465
625.0 0.002445
626.0 0.002426
627.0 0.002406
628.0 0.002387
629.0 0.002367
630.0 0.002351
631.0 0.002338
632.0 0.002325
633.0 0.002313
634.0 0.002296
635.0 0.002283
636.0 0.002267
637.0 0.002254
638.0 0.002238
639.0 0.002222
640.0 0.002212
641.0 0.002199
642.0 0.002190
643.0 0.002177
644.0 0.002160
645.0 0.002143
646.0 0.002126
647.0 0.002110
648.0 0.002094
649.0 0.002077
650.0 0.002058
651.0 0.002042
652.0 0.002023
653.0 0.002004
654.0 0.001974
655.0 0.001944
656.0 0.001914
657.0 0.001894
658.0 0.001877
659.0 0.001859
660.0 0.001856
661.0 0.001852
662.0 0.001848
663.0 0.001847
664.0 0.001861
665.0 0.001879
666.0 0.001896
667.0 0.001934
668.0 0.001968
669.0 0.002006
670.0 0.002033
671.0 0.002060
672.0 0.002087
673.0 0.002114
674.0 0.002143
675.0 0.002172
676.0 0.002201
677.0 0.002213
678.0 0.002229
679.0 0.002242
680.0 0.002255
681.0 0.002255
682.0 0.002254
683.0 0.002251
684.0 0.002225
685.0 0.002197
686.0 0.002171
687.0 0.002106
688.0 0.002041
689.0 0.001972
690.0 0.001914
691.0 0.001852
692.0 0.001793
693.0 0.001735
694.0 0.001672
695.0 0.001613
696.0 0.001551
697.0 0.001491
698.0 0.001428
699.0 0.001367
700.0 0.001328
