   376.859985  1.689877
   381.869995  1.314053
   386.880005  1.231132
   391.890015  1.293305
   396.890015  1.388131
   401.899994  1.874004
   406.910004  1.907317
   411.920013  2.046584
   416.929993  2.102779
   421.940002  2.093058
   426.950012  1.984293
   431.959991  1.980297
   436.959991  2.246066
   441.970001  2.401301
   446.980011  2.575603
   451.989990  2.662532
   457.000000  2.695005
   462.010010  2.744669
   467.019989  2.729070
   472.019989  2.748333
   477.029999  2.819452
   482.040009  2.832965
   487.049988  2.681978
   492.059998  2.779270
   497.070007  2.783248
   502.079987  2.732010
   507.089996  2.768935
   512.090027  2.724092
   517.099976  2.589580
   522.109985  2.671354
   527.119995  2.681393
   532.130005  2.728698
   537.140015  2.719043
   542.150024  2.665014
   547.150024  2.696207
   552.159973  2.684048
   557.169983  2.638110
   562.179993  2.601414
   567.190002  2.546215
   572.200012  2.529358
   577.210022  2.527988
   582.219971  2.568519
   587.219971  2.477253
   592.229980  2.400748
   597.239990  2.448637
   602.250000  2.466806
   607.260010  2.468675
   612.270020  2.428072
   617.280029  2.404981
   622.280029  2.387192
   627.289978  2.313108
   632.299988  2.296245
   637.309998  2.328976
   642.320007  2.316356
   647.330017  2.240022
   652.340027  2.201066
   657.349976  2.173459
   662.349976  2.282682
   667.359985  2.281227
   672.369995  2.256501
   677.380005  2.133558
   682.390015  2.083867
   687.400024  1.813630
   692.409973  1.807633
   697.409973  1.882841
   702.419983  1.903307
   707.429993  1.945783
   712.440002  1.939825
   717.450012  1.612033
   722.460022  1.526223
   727.469971  1.501301
   732.479980  1.680253
   737.479980  1.830965
   742.489990  1.892262
   747.500000  1.914931
   752.510010  1.900342
   757.520020  1.644444
   762.530029  0.954950
   767.539978  1.503224
   772.539978  1.797272
   777.549988  1.806028
   782.559998  1.805204
   787.570007  1.736942
   792.580017  1.678053
   797.590027  1.666405
   802.599976  1.629992
   807.609985  1.624468
   812.609985  1.415062
   817.619995  1.215176
   822.630005  1.269450
   827.640015  1.326238
   832.650024  1.356427
   837.659973  1.459528
   842.669983  1.511197
   847.669983  1.505366
   852.679993  1.441340
   857.690002  1.488326
   862.700012  1.472438
   867.710022  1.417786
   872.719971  1.449669
   877.729980  1.429675
   882.739990  1.411188
   887.739990  1.391538
   892.750000  1.265513
   897.760010  0.984874
   902.770020  0.976932
   907.780029  0.943261
   912.789978  0.850917
   917.799988  0.891769
   922.809998  0.966394
   927.809998  0.758253
   932.820007  0.345854
   937.830017  0.321725
   942.840027  0.376340
   947.849976  0.368504
   952.859985  0.397591
   957.869995  0.458470
   962.869995  0.565748
   967.880005  0.761799
   972.890015  0.848617
   977.900024  0.841419
   982.909973  0.955202
   987.919983  1.049760
   992.929993  1.082392
   997.940002  1.083335
  1002.940002  1.067763
  1007.950012  1.056292
  1012.960022  1.057565
  1017.969971  1.054675
  1022.979980  1.037126
  1027.989990  1.037758
  1033.000000  1.019403
  1038.000000  1.003768
  1043.010010  0.994589
  1048.020020  0.978259
  1053.030029  0.973894
  1058.040039  0.949839
  1063.050049  0.927826
  1068.060059  0.901914
  1073.069946  0.898718
  1078.069946  0.882725
  1083.079956  0.853617
  1088.089966  0.814327
  1093.099976  0.761872
  1098.109985  0.685425
  1103.119995  0.607146
  1108.130005  0.529354
  1113.130005  0.363763
  1118.140015  0.177679
  1123.150024  0.122001
  1128.160034  0.122467
  1133.170044  0.148369
  1138.180054  0.207949
  1143.189941  0.192237
  1148.199951  0.168054
  1153.199951  0.221910
  1158.209961  0.334633
  1163.219971  0.445395
  1168.229980  0.511966
  1173.239990  0.540921
  1178.250000  0.548381
  1183.260010  0.525548
  1188.260010  0.534605
  1193.270020  0.581639
  1198.280029  0.551627
  1203.290039  0.543494
  1208.300049  0.564796
  1213.310059  0.575239
  1218.319946  0.604504
  1223.329956  0.609105
  1228.329956  0.629426
  1233.339966  0.645157
  1238.349976  0.653703
  1243.359985  0.637064
  1248.369995  0.629575
  1253.380005  0.610991
  1258.390015  0.574449
  1263.390015  0.512714
  1268.400024  0.474644
  1273.410034  0.536909
  1278.420044  0.561582
  1283.430054  0.563935
  1288.439941  0.570634
  1293.449951  0.551702
  1298.459961  0.518239
  1303.459961  0.477999
  1308.469971  0.420909
  1313.479980  0.362953
  1318.489990  0.338665
  1323.500000  0.312133
  1328.510010  0.229538
  1333.520020  0.167814
  1338.520020  0.181153
  1343.530029  0.112756
  1348.540039  0.028029
  1353.550049  0.009415
  1358.560059  0.007191
  1363.569946  0.007797
  1368.579956  0.007756
  1373.589966  0.008200
  1378.589966  0.008980
  1383.599976  0.008628
  1388.609985  0.009073
  1393.619995  0.009747
  1398.630005  0.009216
  1403.640015  0.009765
  1408.650024  0.009875
  1413.650024  0.011372
  1418.660034  0.011592
  1423.670044  0.016047
  1428.680054  0.023508
  1433.689941  0.020817
  1438.699951  0.019628
  1443.709961  0.024764
  1448.719971  0.038217
  1453.719971  0.058008
  1458.729980  0.083033
  1463.739990  0.070966
  1468.750000  0.039200
  1473.760010  0.061632
  1478.770020  0.065137
  1483.780029  0.087010
  1488.780029  0.123256
  1493.790039  0.180789
  1498.800049  0.235470
  1503.810059  0.236302
  1508.819946  0.285476
  1513.829956  0.304839
  1518.839966  0.315798
  1523.849976  0.340747
  1528.849976  0.344595
  1533.859985  0.355261
  1538.869995  0.354344
  1543.880005  0.358457
  1548.890015  0.361639
  1553.900024  0.359785
  1558.910034  0.358997
  1563.910034  0.349455
  1568.920044  0.328524
  1573.930054  0.306955
  1578.939941  0.310708
  1583.949951  0.327831
  1588.959961  0.326778
  1593.969971  0.329843
  1598.979980  0.314381
  1603.979980  0.301351
  1608.989990  0.299723
  1614.000000  0.310978
  1619.010010  0.318778
  1624.020020  0.320793
  1629.030029  0.322692
  1634.040039  0.311530
  1639.040039  0.296248
  1644.050049  0.294819
  1649.060059  0.293870
  1654.069946  0.293790
  1659.079956  0.300770
  1664.089966  0.285437
  1669.099976  0.281836
  1674.109985  0.284670
  1679.109985  0.276834
  1684.119995  0.274546
  1689.130005  0.270117
  1694.140015  0.265543
  1699.150024  0.258085
  1704.160034  0.256115
  1709.170044  0.240497
  1714.170044  0.241214
  1719.180054  0.240127
  1724.189941  0.214372
  1729.199951  0.222534
  1734.209961  0.202186
  1739.219971  0.199303
  1744.229980  0.192417
  1749.239990  0.190981
  1754.239990  0.184979
  1759.250000  0.181624
  1764.260010  0.156762
  1769.270020  0.147521
  1774.280029  0.121781
  1779.290039  0.100993
  1784.300049  0.082002
  1789.300049  0.079589
  1794.310059  0.037964
  1799.319946  0.031150
  1804.329956  0.011947
  1809.339966  0.008847
  1814.349976  0.005174
  1819.359985  0.004502
  1824.369995  0.004300
  1829.369995  0.004136
  1834.380005  0.004441
  1839.390015  0.004613
  1844.400024  0.004627
  1849.410034  0.004499
  1854.420044  0.004242
  1859.430054  0.003905
  1864.439941  0.003893
  1869.439941  0.004302
  1874.449951  0.004150
  1879.459961  0.004058
  1884.469971  0.003526
  1889.479980  0.003325
  1894.489990  0.003678
  1899.500000  0.003609
  1904.500000  0.002983
  1909.510010  0.003125
  1914.520020  0.003421
  1919.530029  0.002957
  1924.540039  0.003250
  1929.550049  0.003107
  1934.560059  0.003753
  1939.569946  0.004638
  1944.569946  0.005731
  1949.579956  0.007526
  1954.589966  0.007105
  1959.599976  0.010757
  1964.609985  0.023030
  1969.619995  0.044164
  1974.630005  0.057651
  1979.630005  0.070366
  1984.640015  0.086343
  1989.650024  0.083306
  1994.660034  0.074105
  1999.670044  0.028359
  2004.680054  0.013534
  2009.689941  0.024125
  2014.699951  0.019873
  2019.699951  0.035690
  2024.709961  0.069797
  2029.719971  0.091861
  2034.729980  0.112970
  2039.739990  0.108162
  2044.750000  0.103247
  2049.760010  0.080175
  2054.760010  0.059732
  2059.770020  0.071969
  2064.780029  0.068409
  2069.790039  0.071677
  2074.800049  0.088356
  2079.810059  0.104411
  2084.820068  0.106326
  2089.830078  0.110249
  2094.830078  0.110557
  2099.840088  0.108613
  2104.850098  0.113088
  2109.860107  0.112606
  2114.870117  0.111044
  2119.879883  0.108870
  2124.889893  0.109259
  2129.889893  0.113531
  2134.899902  0.113585
  2139.909912  0.113395
  2144.919922  0.111824
  2149.929932  0.102579
  2154.939941  0.101258
  2159.949951  0.101031
  2164.959961  0.093952
  2169.959961  0.098441
  2174.969971  0.096448
  2179.979980  0.094907
  2184.989990  0.087455
  2190.000000  0.093821
  2195.010010  0.090441
  2200.020020  0.082924
  2205.020020  0.085595
  2210.030029  0.093168
  2215.040039  0.091687
  2220.050049  0.092179
  2225.060059  0.091170
  2230.070068  0.090459
  2235.080078  0.088267
  2240.090088  0.087328
  2245.090088  0.083331
  2250.100098  0.083526
  2255.110107  0.080313
  2260.120117  0.077834
  2265.129883  0.076833
  2270.139893  0.076638
  2275.149902  0.075036
  2280.149902  0.074218
  2285.159912  0.072583
  2290.169922  0.069777
  2295.179932  0.064619
  2300.189941  0.065526
  2305.199951  0.066651
  2310.209961  0.071167
  2315.219971  0.062977
  2320.219971  0.054555
  2325.229980  0.059989
  2330.239990  0.062688
  2335.250000  0.059395
  2340.260010  0.049646
  2345.270020  0.049128
  2350.280029  0.040681
  2355.280029  0.045646
  2360.290039  0.052815
  2365.300049  0.047706
  2370.310059  0.034770
  2375.320068  0.038093
  2380.330078  0.034337
  2385.340088  0.029761
  2390.350098  0.034623
  2395.350098  0.037905
  2400.360107  0.039330
  2405.370117  0.029895
  2410.379883  0.026932
  2415.389893  0.017831
  2420.399902  0.022926
  2425.409912  0.029138
  2430.409912  0.032040
  2435.419922  0.018476
  2440.429932  0.029283
  2445.439941  0.015751
  2450.449951  0.009938
  2455.459961  0.019304
  2460.469971  0.022744
  2465.479980  0.015744
  2470.479980  0.011412
  2475.489990  0.009660
  2480.500000  0.005702
  2485.510010  0.003705
  2490.520020  0.003805
  2495.530029  0.004811
  2500.540039  0.005148
