 0.35000  1.83910  1.30516  0.42162  1.46048  0.00000  0.79150
 0.40000  1.55629  1.14103  0.39510  1.38796  0.00000  0.79994
 0.45000  1.33240  1.00577  0.37188  1.26332  0.00000  0.79898
 0.50000  1.15307  0.89343  0.35124  1.12755  0.00000  0.79224
 0.55000  1.00000  0.79195  0.33357  1.00000  0.00000  0.78405
 0.60000  0.88138  0.71293  0.31658  0.88100  0.00000  0.77258
 0.65000  0.78987  0.65208  0.30000  0.77434  0.00000  0.76052
 0.70000  0.70724  0.59389  0.28541  0.67877  0.00000  0.74672
 0.75000  0.64333  0.54921  0.27093  0.59691  0.00000  0.73218
 0.80000  0.58901  0.51033  0.25723  0.52369  0.00000  0.71686
 0.90000  0.50710  0.45095  0.23111  0.40759  0.00000  0.68601
 1.00000  0.44350  0.40185  0.20834  0.31774  0.00001  0.65199
 1.25000  0.33926  0.31884  0.15821  0.17826  0.00006  0.56602
 1.50000  0.27489  0.26381  0.11889  0.10263  0.00017  0.47650
 1.75000  0.23505  0.22845  0.09029  0.06293  0.00026  0.37145
 2.00000  0.20405  0.19999  0.06994  0.04133  0.00137  0.28568
 2.50000  0.16286  0.16110  0.04517  0.01637  0.00202  0.17831
 3.00000  0.13900  0.13810  0.03150  0.17643  0.16084  0.13070
 3.20000  0.12771  0.12700  0.02798  0.08031  0.06577  0.11806
 3.39000  0.12115  0.12058  0.02502  0.04183  0.03201  0.10284
 3.50000  0.11826  0.11774  0.02355  0.03382  0.02561  0.09585
 3.75000  0.11001  0.10961  0.02069  0.02363  0.01792  0.08269
 4.00000  0.10280  0.10248  0.01835  0.02068  0.01659  0.07219
 4.50000  0.09091  0.09071  0.01462  0.01947  0.01708  0.05677
 5.00000  0.08078  0.08065  0.01201  0.01654  0.01505  0.04582
 5.50000  0.07314  0.07305  0.01002  0.01961  0.01872  0.03750
 6.00000  0.06623  0.06616  0.00854  0.04366  0.04296  0.03143
 6.20000  0.06398  0.06392  0.00803  0.03393  0.03307  0.03043
 6.50000  0.06090  0.06085  0.00734  0.01860  0.01802  0.02734
 7.20000  0.05551  0.05547  0.00602  0.01850  0.01822  0.02176
 7.90000  0.04935  0.04932  0.00515  0.03574  0.03555  0.01782
 8.20000  0.04774  0.04772  0.00480  0.04337  0.04318  0.01656
 8.50000  0.04585  0.04583  0.00451  0.04723  0.04702  0.01560
 8.70000  0.04441  0.04440  0.00433  0.04634  0.04611  0.01510
 9.00000  0.04310  0.04308  0.00406  0.03773  0.03753  0.01426
 9.20000  0.04180  0.04179  0.00390  0.03524  0.03507  0.01356
 9.50000  0.04063  0.04062  0.00367  0.04204  0.04188  0.01272
 9.80000  0.03928  0.03927  0.00347  0.03706  0.03689  0.01220
10.00000  0.03840  0.03839  0.00335  0.02728  0.02714  0.01168
10.60000  0.03634  0.03633  0.00299  0.02439  0.02431  0.01009
11.00000  0.03472  0.03471  0.00279  0.03407  0.03401  0.00922
11.50000  0.03331  0.03330  0.00256  0.03369  0.03363  0.00854
12.50000  0.03022  0.03022  0.00220  0.03990  0.03985  0.00708
13.00000  0.02914  0.02913  0.00204  0.04366  0.04361  0.00654
14.00000  0.02682  0.02682  0.00178  0.04666  0.04661  0.00570
14.80000  0.02535  0.02535  0.00161  0.04614  0.04610  0.00516
