Site Location & Date
JPL_Bld306,CA
Average R, temp C, press mB
      0.99064000      20.0000      976.100
OP or CAL run
cal
Airmass Range
       1.6499913       10.028888
 
Channel, wavelength, DN_V0, tau tot, tau ray, tau tot-ray, tau mie
0      380.000       53999     0.485300     0.429800    0.0554300   0.0552000
1      400.000       24862     0.246800     0.347000    -0.100198   0.0517000
2      440.000       65740     0.279400     0.233700    0.0457212   0.0457000
3      520.000       28118     0.159300     0.117600    0.0417181   0.0369000
4      610.000       34417     0.111800    0.0613000    0.0504442   0.0301000
5      670.000       50131    0.0735000    0.0419000    0.0315694   0.0267000
6      780.000       40881    0.0456000    0.0226000    0.0229873   0.0220000
7      870.000       43908    0.0337000    0.0146000    0.0191148   0.0191000
8      940.000       13304     0.278100    0.0107000     0.267386   0.0173000
9      1030.00       51219    0.0262000   0.00740000    0.0188041   0.0154000
 tau oz, tau H2O
     0.000000     0.000000     0.000000     0.000000    0.0203000     0.000000
     0.000000     0.000000     0.000000     0.000000
     0.250073     0.250073     0.250073     0.250073     0.250073     0.250073
     0.250073     0.250073     0.250073     0.250073
 
tau tot, variance tau tot, natural log of Vo (or Fo) intercept, variance of Fo, variance of tau_n
      0.48525326  6.7862949e-007       10.896713  3.9364946e-006  2.8079125e-005
      0.24680804  3.1857055e-006       10.121094  1.8479175e-005   0.00013181247
      0.27943175  4.8184132e-007       11.093461  2.7949946e-006  1.9936774e-005
      0.15931801  2.5043798e-007       10.244151  1.4527040e-006  1.0362178e-005
      0.11177013  1.3554184e-007       10.446294  7.8623127e-007  5.6082094e-006
     0.073469079  1.0701472e-007       10.822389  6.2075530e-007  4.4278648e-006
     0.045637048  9.9743470e-008       10.618425  5.7857733e-007  4.1270081e-006
     0.033693801  7.7597480e-008       10.689851  4.5011611e-007  3.2106907e-006
      0.27806121  8.9425994e-007       9.4958442  5.1872922e-006  3.7001099e-005
     0.026195657  6.5883727e-008       10.843869  3.8216868e-007  2.7260198e-006
