Site Location & Date
CalTech, CA
Average R, temp C, press mB
      0.99064000      20.0000      988.500
OP or CAL run
cal
Airmass Range
       1.6495476       9.9633236
 
Channel, wavelength, DN_V0, tau tot, tau ray, tau tot-ray, tau mie
0      380.000       27897     0.485500     0.435300    0.0502356   0.0776000
1      400.000       14148     0.382100     0.351400    0.0306537   0.0748000
2      440.000       25177     0.306700     0.236700    0.0699764   0.0700000
3      520.000       29611     0.194700     0.119100    0.0756214   0.0622000
4      610.000        1990     0.166000    0.0621000     0.103879   0.0556000
5      670.000       34137     0.110800    0.0424000    0.0683470   0.0520000
6      780.000       12298    0.0904000    0.0229000    0.0674849   0.0468000
7      870.000       63422    0.0581000    0.0148000    0.0432986   0.0433000
8      940.000       12546     0.262700    0.0108000     0.251881   0.0410000
9      1030.00       20446    0.0595000   0.00750000    0.0520215   0.0384000
 tau oz, tau H2O
     0.000000     0.000000     0.000000     0.000000    0.0483000     0.000000
     0.000000     0.000000     0.000000     0.000000
     0.210878     0.210878     0.210878     0.210878     0.210878     0.210878
     0.210878     0.210878     0.210878     0.210878
 
tau tot, variance tau tot, natural log of Vo (or Fo) intercept, variance of Fo, variance of tau_n
      0.48551924   0.00018816532       10.236281    0.0010550005    0.0077344830
      0.38206841   0.00021187857       9.5573634    0.0011879554    0.0087092096
      0.30665594   0.00020315285       10.133677    0.0011390322    0.0083505411
      0.19471525   0.00021994980       10.295914    0.0012332090    0.0090409753
      0.16598377   0.00030595947       7.5956906    0.0017154458     0.012576379
      0.11077902   0.00025398290       10.438125    0.0014240249     0.010439896
     0.090422406   0.00024607394       9.4171598    0.0013796811     0.010114801
     0.058062871   0.00025696245       11.057564    0.0014407305     0.010562370
      0.26269161   0.00028499366       9.4371747    0.0015978953     0.011714585
     0.059506960   0.00022032874       9.9255606    0.0012353336    0.0090565512
