#Wavelength in nm, Average Reflectance 350 to 2500nm by 1nm, Standard Deviation: N = 8, Decimal Hours UT: ,18.3423
     350 0.0131077 0.00257867
     351 0.0132168 0.00253911
     352 0.0132835 0.00250934
     353 0.0132452 0.00247899
     354 0.0132119 0.00244467
     355 0.0133439 0.00232714
     356 0.0133091 0.00226096
     357 0.0132069 0.00226073
     358 0.0133584 0.00224666
     359 0.0133387 0.00220519
     360 0.0132662 0.00213525
     361 0.0132383 0.00206245
     362 0.0130622 0.00202604
     363 0.0130897 0.00198465
     364 0.0131749 0.00194377
     365 0.0131844 0.00192107
     366 0.0132381 0.00190482
     367 0.0132153 0.00185882
     368 0.0132099 0.00180638
     369 0.0133233 0.00179475
     370 0.0133764 0.00184275
     371 0.0134090 0.00187653
     372 0.0134551 0.00187213
     373 0.0136007 0.00188272
     374 0.0136465 0.00188458
     375 0.0136697 0.00187057
     376 0.0137005 0.00184645
     377 0.0137832 0.00186781
     378 0.0138348 0.00188375
     379 0.0138799 0.00189735
     380 0.0140647 0.00194275
     381 0.0142615 0.00198385
     382 0.0143055 0.00198059
     383 0.0143014 0.00195414
     384 0.0144994 0.00196229
     385 0.0145321 0.00193999
     386 0.0145744 0.00191758
     387 0.0147277 0.00190899
     388 0.0148547 0.00185901
     389 0.0149759 0.00182934
     390 0.0150229 0.00180870
     391 0.0150325 0.00178996
     392 0.0150869 0.00180066
     393 0.0151634 0.00174810
     394 0.0151900 0.00164898
     395 0.0151431 0.00159046
     396 0.0152764 0.00152946
     397 0.0153269 0.00147129
     398 0.0152854 0.00142123
     399 0.0153684 0.00135306
     400 0.0153986 0.00131560
     401 0.0153618 0.00128073
     402 0.0153440 0.00122707
     403 0.0153516 0.00121697
     404 0.0153611 0.00119991
     405 0.0154175 0.00117695
     406 0.0154834 0.00116834
     407 0.0154601 0.00115098
     408 0.0154623 0.00113748
     409 0.0155349 0.00113186
     410 0.0155641 0.00111621
     411 0.0155763 0.00111562
     412 0.0155412 0.00111286
     413 0.0155065 0.00109489
     414 0.0155132 0.00108581
     415 0.0155005 0.00108750
     416 0.0155263 0.00109423
     417 0.0155323 0.00108646
     418 0.0155592 0.00108227
     419 0.0155908 0.00107648
     420 0.0156363 0.00107245
     421 0.0155863 0.00108281
     422 0.0155882 0.00107047
     423 0.0156473 0.00105856
     424 0.0155988 0.00106541
     425 0.0156282 0.00107406
     426 0.0156318 0.00107475
     427 0.0156292 0.00107409
     428 0.0156669 0.00108361
     429 0.0157076 0.00107955
     430 0.0157167 0.00107869
     431 0.0157032 0.00108802
     432 0.0157289 0.00108209
     433 0.0157522 0.00108158
     434 0.0157574 0.00107985
     435 0.0157762 0.00106957
     436 0.0157790 0.00106387
     437 0.0157782 0.00106516
     438 0.0157914 0.00106885
     439 0.0157915 0.00106321
     440 0.0158105 0.00106265
     441 0.0158442 0.00106642
     442 0.0158498 0.00106961
     443 0.0158776 0.00107685
     444 0.0159059 0.00107928
     445 0.0159351 0.00107495
     446 0.0159472 0.00106623
     447 0.0159776 0.00107434
     448 0.0160124 0.00107957
     449 0.0160309 0.00107540
     450 0.0160435 0.00107370
     451 0.0160850 0.00108102
     452 0.0161235 0.00108362
     453 0.0161792 0.00107887
     454 0.0162045 0.00108938
     455 0.0162290 0.00109166
     456 0.0162588 0.00108786
     457 0.0162848 0.00109088
     458 0.0163195 0.00109266
     459 0.0163637 0.00109941
     460 0.0163969 0.00110643
     461 0.0164296 0.00109799
     462 0.0164610 0.00110004
     463 0.0164963 0.00110508
     464 0.0165309 0.00110305
     465 0.0165989 0.00111089
     466 0.0166406 0.00111547
     467 0.0166837 0.00111813
     468 0.0167239 0.00112304
     469 0.0167556 0.00112480
     470 0.0167893 0.00112192
     471 0.0168201 0.00111840
     472 0.0168458 0.00112961
     473 0.0168933 0.00113374
     474 0.0169337 0.00113146
     475 0.0169895 0.00113349
     476 0.0170216 0.00113836
     477 0.0170585 0.00114052
     478 0.0171035 0.00113900
     479 0.0171299 0.00113676
     480 0.0171675 0.00113857
     481 0.0172111 0.00113867
     482 0.0172874 0.00113881
     483 0.0173483 0.00115505
     484 0.0174340 0.00115668
     485 0.0175480 0.00115287
     486 0.0176168 0.00116251
     487 0.0176851 0.00116412
     488 0.0177506 0.00116586
     489 0.0178219 0.00117248
     490 0.0178702 0.00117807
     491 0.0179282 0.00117444
     492 0.0179930 0.00117445
     493 0.0180643 0.00118608
     494 0.0181679 0.00118165
     495 0.0182695 0.00118698
     496 0.0183386 0.00119933
     497 0.0184256 0.00120330
     498 0.0185150 0.00120323
     499 0.0186077 0.00120825
     500 0.0186931 0.00121877
     501 0.0187925 0.00122238
     502 0.0188705 0.00122886
     503 0.0189508 0.00123481
     504 0.0190509 0.00123483
     505 0.0191217 0.00124597
     506 0.0192173 0.00124454
     507 0.0193288 0.00123449
     508 0.0194179 0.00124795
     509 0.0195251 0.00125824
     510 0.0196362 0.00126255
     511 0.0197443 0.00126462
     512 0.0198635 0.00127061
     513 0.0199793 0.00127689
     514 0.0201114 0.00128333
     515 0.0202508 0.00128860
     516 0.0203965 0.00129008
     517 0.0205444 0.00129555
     518 0.0207036 0.00131018
     519 0.0208375 0.00132909
     520 0.0209493 0.00133868
     521 0.0210829 0.00134263
     522 0.0212126 0.00134498
     523 0.0213361 0.00134992
     524 0.0214811 0.00136007
     525 0.0216259 0.00137037
     526 0.0217941 0.00137589
     527 0.0219348 0.00138507
     528 0.0220652 0.00139611
     529 0.0222031 0.00140599
     530 0.0223514 0.00141520
     531 0.0224920 0.00141944
     532 0.0226146 0.00142362
     533 0.0227583 0.00143763
     534 0.0228971 0.00145026
     535 0.0230402 0.00145752
     536 0.0231932 0.00146168
     537 0.0233585 0.00147270
     538 0.0234987 0.00147940
     539 0.0236434 0.00148632
     540 0.0237999 0.00149667
     541 0.0239774 0.00150084
     542 0.0241405 0.00150543
     543 0.0242966 0.00151270
     544 0.0244915 0.00152150
     545 0.0246636 0.00153020
     546 0.0248363 0.00153928
     547 0.0250392 0.00154927
     548 0.0252205 0.00155671
     549 0.0254346 0.00156334
     550 0.0256621 0.00157274
     551 0.0258905 0.00158874
     552 0.0261443 0.00159828
     553 0.0263767 0.00160466
     554 0.0266412 0.00161642
     555 0.0269384 0.00163560
     556 0.0272414 0.00164771
     557 0.0275610 0.00165960
     558 0.0279357 0.00168053
     559 0.0283369 0.00169772
     560 0.0287217 0.00171001
     561 0.0291217 0.00172159
     562 0.0295479 0.00173553
     563 0.0300058 0.00174818
     564 0.0304909 0.00176422
     565 0.0310040 0.00178622
     566 0.0315639 0.00181206
     567 0.0321400 0.00183506
     568 0.0326840 0.00185202
     569 0.0332716 0.00187066
     570 0.0339135 0.00190200
     571 0.0345412 0.00192805
     572 0.0351927 0.00194936
     573 0.0359212 0.00198484
     574 0.0365657 0.00201074
     575 0.0372950 0.00204169
     576 0.0380537 0.00208115
     577 0.0388287 0.00212407
     578 0.0396413 0.00215988
     579 0.0404472 0.00219010
     580 0.0412603 0.00223067
     581 0.0421158 0.00227463
     582 0.0429744 0.00231571
     583 0.0438662 0.00235501
     584 0.0448128 0.00239892
     585 0.0457290 0.00244481
     586 0.0466992 0.00249505
     587 0.0476466 0.00254062
     588 0.0485714 0.00257480
     589 0.0495907 0.00261328
     590 0.0506102 0.00265836
     591 0.0517204 0.00271743
     592 0.0527115 0.00276318
     593 0.0537342 0.00280673
     594 0.0547288 0.00285116
     595 0.0557463 0.00289544
     596 0.0567717 0.00293821
     597 0.0577398 0.00297652
     598 0.0587404 0.00301580
     599 0.0596932 0.00305695
     600 0.0606430 0.00310040
     601 0.0616039 0.00314185
     602 0.0625409 0.00317114
     603 0.0634902 0.00320122
     604 0.0644040 0.00323341
     605 0.0652928 0.00326711
     606 0.0661668 0.00329439
     607 0.0670028 0.00332289
     608 0.0678417 0.00335496
     609 0.0686835 0.00337993
     610 0.0694952 0.00340861
     611 0.0702173 0.00343040
     612 0.0709543 0.00344462
     613 0.0717646 0.00346850
     614 0.0724402 0.00348893
     615 0.0731701 0.00351269
     616 0.0738000 0.00353000
     617 0.0744247 0.00354846
     618 0.0750528 0.00356481
     619 0.0756466 0.00357649
     620 0.0761956 0.00358883
     621 0.0767994 0.00360206
     622 0.0773890 0.00361564
     623 0.0778976 0.00362970
     624 0.0784331 0.00364042
     625 0.0789541 0.00364950
     626 0.0794857 0.00366108
     627 0.0798888 0.00366951
     628 0.0803966 0.00367106
     629 0.0808933 0.00367657
     630 0.0813509 0.00369506
     631 0.0818432 0.00369915
     632 0.0822835 0.00370302
     633 0.0827403 0.00371100
     634 0.0832195 0.00371638
     635 0.0836715 0.00373099
     636 0.0840828 0.00373885
     637 0.0844968 0.00373572
     638 0.0848646 0.00373328
     639 0.0853045 0.00374400
     640 0.0857385 0.00375505
     641 0.0862470 0.00376000
     642 0.0866644 0.00376955
     643 0.0871379 0.00377878
     644 0.0875686 0.00378105
     645 0.0879900 0.00378449
     646 0.0884230 0.00379256
     647 0.0889117 0.00380131
     648 0.0893766 0.00380536
     649 0.0898701 0.00382024
     650 0.0903498 0.00383508
     651 0.0908609 0.00384415
     652 0.0911977 0.00383517
     653 0.0917271 0.00384397
     654 0.0923200 0.00386537
     655 0.0928665 0.00388409
     656 0.0934915 0.00388087
     657 0.0939175 0.00388122
     658 0.0945633 0.00390108
     659 0.0950727 0.00391354
     660 0.0956683 0.00393264
     661 0.0962433 0.00394628
     662 0.0968479 0.00395351
     663 0.0973947 0.00395244
     664 0.0980227 0.00396507
     665 0.0986285 0.00397635
     666 0.0992770 0.00398181
     667 0.0999317 0.00398719
     668 0.100590 0.00401099
     669 0.101220 0.00403682
     670 0.101908 0.00404598
     671 0.102623 0.00405633
     672 0.103318 0.00406861
     673 0.104091 0.00408599
     674 0.104681 0.00409396
     675 0.105378 0.00410730
     676 0.106253 0.00412285
     677 0.107017 0.00413004
     678 0.107705 0.00415347
     679 0.108397 0.00417507
     680 0.109253 0.00419480
     681 0.109967 0.00420410
     682 0.110739 0.00422063
     683 0.111635 0.00423909
     684 0.112349 0.00424893
     685 0.113186 0.00427915
     686 0.113892 0.00429219
     687 0.114870 0.00429774
     688 0.115779 0.00429372
     689 0.116636 0.00431331
     690 0.117466 0.00434321
     691 0.118198 0.00436558
     692 0.118992 0.00437687
     693 0.119902 0.00440557
     694 0.120696 0.00442514
     695 0.121516 0.00443502
     696 0.122352 0.00446238
     697 0.123238 0.00448647
     698 0.124074 0.00450108
     699 0.124933 0.00451310
     700 0.125826 0.00452682
     701 0.126769 0.00455826
     702 0.127548 0.00459040
     703 0.128343 0.00460103
     704 0.129284 0.00463368
     705 0.130047 0.00465780
     706 0.130896 0.00467094
     707 0.131658 0.00469309
     708 0.132569 0.00471186
     709 0.133464 0.00472867
     710 0.134216 0.00475309
     711 0.135039 0.00477828
     712 0.135840 0.00479841
     713 0.136591 0.00481281
     714 0.137415 0.00482842
     715 0.138183 0.00484584
     716 0.138933 0.00486608
     717 0.139687 0.00488607
     718 0.140430 0.00489231
     719 0.141257 0.00490166
     720 0.142048 0.00491468
     721 0.142783 0.00492895
     722 0.143439 0.00495265
     723 0.144056 0.00497560
     724 0.144690 0.00499192
     725 0.145444 0.00500186
     726 0.146065 0.00501231
     727 0.146629 0.00502051
     728 0.147283 0.00502746
     729 0.147941 0.00504761
     730 0.148501 0.00507051
     731 0.148994 0.00508556
     732 0.149485 0.00508648
     733 0.150056 0.00509763
     734 0.150594 0.00511459
     735 0.151097 0.00513044
     736 0.151448 0.00512949
     737 0.152028 0.00513500
     738 0.152571 0.00514145
     739 0.152908 0.00514373
     740 0.153399 0.00515154
     741 0.153702 0.00515446
     742 0.153996 0.00515357
     743 0.154422 0.00514774
     744 0.154674 0.00513683
     745 0.155010 0.00514051
     746 0.155365 0.00515326
     747 0.155544 0.00514767
     748 0.155681 0.00514514
     749 0.155823 0.00514026
     750 0.156039 0.00512921
     751 0.156181 0.00512069
     752 0.156312 0.00511316
     753 0.156352 0.00510476
     754 0.156452 0.00510259
     755 0.156477 0.00510099
     756 0.156454 0.00508419
     757 0.156538 0.00506329
     758 0.156646 0.00507037
     759 0.156740 0.00506228
     760 0.156875 0.00502601
     761 0.156900 0.00495404
     762 0.156722 0.00489668
     763 0.156496 0.00489076
     764 0.156157 0.00489823
     765 0.155911 0.00489450
     766 0.155578 0.00489483
     767 0.155289 0.00491011
     768 0.155078 0.00492780
     769 0.154779 0.00491841
     770 0.154511 0.00491468
     771 0.154196 0.00490469
     772 0.153977 0.00488818
     773 0.153743 0.00488200
     774 0.153433 0.00486815
     775 0.153127 0.00485395
     776 0.152852 0.00484881
     777 0.152453 0.00483638
     778 0.152094 0.00482083
     779 0.151836 0.00480649
     780 0.151447 0.00479072
     781 0.151035 0.00477727
     782 0.150738 0.00476755
     783 0.150446 0.00475441
     784 0.150076 0.00473102
     785 0.149761 0.00471555
     786 0.149432 0.00469784
     787 0.149102 0.00467266
     788 0.148802 0.00467286
     789 0.148489 0.00465677
     790 0.148143 0.00462909
     791 0.147838 0.00462162
     792 0.147524 0.00459758
     793 0.147175 0.00457805
     794 0.146830 0.00456794
     795 0.146577 0.00454501
     796 0.146281 0.00453389
     797 0.145951 0.00452236
     798 0.145682 0.00450252
     799 0.145396 0.00449027
     800 0.145114 0.00446696
     801 0.144840 0.00444114
     802 0.144568 0.00442738
     803 0.144292 0.00441178
     804 0.144037 0.00439543
     805 0.143788 0.00438197
     806 0.143511 0.00437559
     807 0.143324 0.00436187
     808 0.143013 0.00435384
     809 0.142733 0.00435675
     810 0.142543 0.00433369
     811 0.142332 0.00431089
     812 0.142174 0.00428861
     813 0.142018 0.00426150
     814 0.141833 0.00425053
     815 0.141679 0.00423137
     816 0.141536 0.00421054
     817 0.141241 0.00420287
     818 0.140929 0.00418258
     819 0.140646 0.00416519
     820 0.140442 0.00415543
     821 0.140383 0.00414720
     822 0.140199 0.00414833
     823 0.139964 0.00414490
     824 0.139730 0.00412990
     825 0.139571 0.00411746
     826 0.139424 0.00411852
     827 0.139275 0.00411267
     828 0.139096 0.00408882
     829 0.138934 0.00409724
     830 0.138830 0.00408072
     831 0.138711 0.00405494
     832 0.138490 0.00405782
     833 0.138352 0.00405463
     834 0.138207 0.00404128
     835 0.138095 0.00403272
     836 0.138029 0.00404810
     837 0.137927 0.00405140
     838 0.137819 0.00404622
     839 0.137741 0.00403840
     840 0.137630 0.00402601
     841 0.137497 0.00401422
     842 0.137489 0.00401071
     843 0.137451 0.00401325
     844 0.137394 0.00402271
     845 0.137449 0.00403261
     846 0.137288 0.00401918
     847 0.137158 0.00398565
     848 0.137219 0.00397423
     849 0.137259 0.00397129
     850 0.137232 0.00397162
     851 0.137251 0.00397643
     852 0.137196 0.00397487
     853 0.137270 0.00396253
     854 0.137362 0.00394849
     855 0.137401 0.00396210
     856 0.137314 0.00397159
     857 0.137300 0.00396142
     858 0.137470 0.00394172
     859 0.137518 0.00394827
     860 0.137513 0.00396877
     861 0.137465 0.00397274
     862 0.137651 0.00395438
     863 0.137821 0.00394477
     864 0.137912 0.00395290
     865 0.138059 0.00395746
     866 0.138103 0.00392906
     867 0.138352 0.00392008
     868 0.138415 0.00391860
     869 0.138490 0.00392974
     870 0.138634 0.00394799
     871 0.138793 0.00392600
     872 0.139000 0.00392176
     873 0.139278 0.00393598
     874 0.139447 0.00391676
     875 0.139479 0.00392338
     876 0.139649 0.00393954
     877 0.139786 0.00394038
     878 0.140096 0.00393346
     879 0.140388 0.00393728
     880 0.140612 0.00395277
     881 0.140854 0.00395826
     882 0.141101 0.00396016
     883 0.141386 0.00396073
     884 0.141659 0.00396522
     885 0.141946 0.00397439
     886 0.142220 0.00397946
     887 0.142500 0.00397722
     888 0.142791 0.00397599
     889 0.143089 0.00397600
     890 0.143406 0.00397334
     891 0.143699 0.00396660
     892 0.144030 0.00396321
     893 0.144371 0.00396150
     894 0.144704 0.00395942
     895 0.145071 0.00395337
     896 0.145437 0.00394087
     897 0.145845 0.00392901
     898 0.146258 0.00392542
     899 0.146660 0.00392838
     900 0.147065 0.00392893
     901 0.147491 0.00393369
     902 0.147919 0.00394259
     903 0.148334 0.00394482
     904 0.148773 0.00394688
     905 0.149209 0.00394873
     906 0.149613 0.00395117
     907 0.150020 0.00395840
     908 0.150426 0.00396753
     909 0.150878 0.00397603
     910 0.151344 0.00397936
     911 0.151811 0.00398319
     912 0.152255 0.00398759
     913 0.152723 0.00399151
     914 0.153215 0.00399773
     915 0.153686 0.00400881
     916 0.154153 0.00402350
     917 0.154641 0.00403761
     918 0.155126 0.00404894
     919 0.155608 0.00406411
     920 0.156026 0.00407291
     921 0.156480 0.00407662
     922 0.156928 0.00407803
     923 0.157423 0.00407818
     924 0.157875 0.00406729
     925 0.158353 0.00404570
     926 0.158871 0.00401735
     927 0.159448 0.00399368
     928 0.160082 0.00397997
     929 0.160737 0.00398402
     930 0.161457 0.00400834
     931 0.162249 0.00406834
     932 0.163069 0.00415671
     933 0.163919 0.00424492
     934 0.164787 0.00431591
     935 0.165644 0.00439391
     936 0.166465 0.00444676
     937 0.167277 0.00448278
     938 0.168071 0.00451717
     939 0.168877 0.00452849
     940 0.169735 0.00452789
     941 0.170536 0.00453004
     942 0.171348 0.00453312
     943 0.172092 0.00453655
     944 0.172905 0.00453643
     945 0.173685 0.00454292
     946 0.174506 0.00455092
     947 0.175308 0.00456883
     948 0.176154 0.00460149
     949 0.177048 0.00462648
     950 0.177873 0.00463921
     951 0.178690 0.00465123
     952 0.179467 0.00464824
     953 0.180253 0.00463629
     954 0.181111 0.00462255
     955 0.181905 0.00461234
     956 0.182748 0.00463016
     957 0.183598 0.00464788
     958 0.184452 0.00466442
     959 0.185326 0.00467929
     960 0.186116 0.00469421
     961 0.186890 0.00470265
     962 0.187584 0.00469726
     963 0.188464 0.00471993
     964 0.189125 0.00473253
     965 0.189797 0.00475274
     966 0.190506 0.00480840
     967 0.191141 0.00484412
     968 0.191810 0.00487348
     969 0.192544 0.00491671
     970 0.193233 0.00495324
     971 0.193975 0.00497749
     972 0.194792 0.00501572
     973 0.195624 0.00506396
     974 0.196247 0.00509456
     975 0.197156 0.00515044
     976 0.198066 0.00518409
     977 0.198878 0.00519771
     978 0.199636 0.00522664
     979 0.200519 0.00527077
     980 0.201237 0.00529955
     981 0.202000 0.00532895
     982 0.202732 0.00537287
     983 0.203427 0.00541368
     984 0.204123 0.00545882
     985 0.204880 0.00549920
     986 0.205460 0.00551499
     987 0.206056 0.00554485
     988 0.206706 0.00557668
     989 0.207384 0.00559961
     990 0.207932 0.00562127
     991 0.208612 0.00566331
     992 0.209183 0.00568702
     993 0.209765 0.00570110
     994 0.210417 0.00572300
     995 0.211006 0.00574552
     996 0.211578 0.00577201
     997 0.212165 0.00580504
     998 0.212677 0.00583856
     999 0.213201 0.00587325
    1000 0.213680 0.00590511
    1001 0.214195 0.00593073
    1002 0.214707 0.00595111
    1003 0.215249 0.00599308
    1004 0.215763 0.00603736
    1005 0.216201 0.00607068
    1006 0.216681 0.00610168
    1007 0.217213 0.00613716
    1008 0.217750 0.00617509
    1009 0.218301 0.00621156
    1010 0.218826 0.00624587
    1011 0.219397 0.00627926
    1012 0.219946 0.00631142
    1013 0.220458 0.00634182
    1014 0.220881 0.00636716
    1015 0.221310 0.00639207
    1016 0.221749 0.00641926
    1017 0.222214 0.00644744
    1018 0.222622 0.00647287
    1019 0.223039 0.00649984
    1020 0.223440 0.00652867
    1021 0.223828 0.00656516
    1022 0.224337 0.00660240
    1023 0.224578 0.00662874
    1024 0.224980 0.00666480
    1025 0.225516 0.00670413
    1026 0.226000 0.00673573
    1027 0.226381 0.00676164
    1028 0.226758 0.00679511
    1029 0.227285 0.00682387
    1030 0.227077 0.00683956
    1031 0.227429 0.00687687
    1032 0.227825 0.00690729
    1033 0.228139 0.00693132
    1034 0.228502 0.00693811
    1035 0.228558 0.00696946
    1036 0.228852 0.00702754
    1037 0.229333 0.00708012
    1038 0.229503 0.00714942
    1039 0.229494 0.00718204
    1040 0.230139 0.00721782
    1041 0.230240 0.00721302
    1042 0.230538 0.00721602
    1043 0.231026 0.00725959
    1044 0.231330 0.00731556
    1045 0.231508 0.00737347
    1046 0.232017 0.00743321
    1047 0.232181 0.00746218
    1048 0.232517 0.00750038
    1049 0.232682 0.00752869
    1050 0.232833 0.00753860
    1051 0.233230 0.00754647
    1052 0.233622 0.00755602
    1053 0.234121 0.00756319
    1054 0.234551 0.00757098
    1055 0.234702 0.00762784
    1056 0.234962 0.00768773
    1057 0.235176 0.00770734
    1058 0.235486 0.00773690
    1059 0.235755 0.00775796
    1060 0.235942 0.00778487
    1061 0.236081 0.00781542
    1062 0.236228 0.00787236
    1063 0.236371 0.00790344
    1064 0.236691 0.00793528
    1065 0.237166 0.00795408
    1066 0.237463 0.00794864
    1067 0.237741 0.00798401
    1068 0.237987 0.00801499
    1069 0.238185 0.00801492
    1070 0.238586 0.00804760
    1071 0.238783 0.00806748
    1072 0.238924 0.00807551
    1073 0.239316 0.00813043
    1074 0.239533 0.00818138
    1075 0.239598 0.00820310
    1076 0.239819 0.00823911
    1077 0.240162 0.00828134
    1078 0.240396 0.00830943
    1079 0.240608 0.00832684
    1080 0.240855 0.00837118
    1081 0.241022 0.00840441
    1082 0.241115 0.00841012
    1083 0.241352 0.00845094
    1084 0.241636 0.00847719
    1085 0.241873 0.00848411
    1086 0.242167 0.00850480
    1087 0.242482 0.00850644
    1088 0.242365 0.00849731
    1089 0.242245 0.00850579
    1090 0.242501 0.00854945
    1091 0.242662 0.00858397
    1092 0.242821 0.00863007
    1093 0.243108 0.00868260
    1094 0.243280 0.00871909
    1095 0.243488 0.00873181
    1096 0.243692 0.00876258
    1097 0.243900 0.00879263
    1098 0.244099 0.00881745
    1099 0.244112 0.00883473
    1100 0.244259 0.00885501
    1101 0.244500 0.00889198
    1102 0.244596 0.00892102
    1103 0.244761 0.00893827
    1104 0.244915 0.00894602
    1105 0.244997 0.00897026
    1106 0.245192 0.00899441
    1107 0.245306 0.00903870
    1108 0.245494 0.00908353
    1109 0.245689 0.00910895
    1110 0.245719 0.00912037
    1111 0.245707 0.00912190
    1112 0.245662 0.00915849
    1113 0.245719 0.00925951
    1114 0.245790 0.00933700
    1115 0.245786 0.00933642
    1116 0.245708 0.00934154
    1117 0.245927 0.00937761
    1118 0.246087 0.00940135
    1119 0.246325 0.00947423
    1120 0.246584 0.00950917
    1121 0.246796 0.00952312
    1122 0.247146 0.00944490
    1123 0.247380 0.00931953
    1124 0.247523 0.00921800
    1125 0.247722 0.00917883
    1126 0.247985 0.00909257
    1127 0.248088 0.00902982
    1128 0.248083 0.00904915
    1129 0.248192 0.00911229
    1130 0.248211 0.00920089
    1131 0.248298 0.00925283
    1132 0.248454 0.00929976
    1133 0.248692 0.00931515
    1134 0.248862 0.00920860
    1135 0.248871 0.00919442
    1136 0.248746 0.00922138
    1137 0.248658 0.00924882
    1138 0.248600 0.00925485
    1139 0.248635 0.00931666
    1140 0.248570 0.00937849
    1141 0.248507 0.00940871
    1142 0.248462 0.00944014
    1143 0.248320 0.00945008
    1144 0.248232 0.00942907
    1145 0.248045 0.00942490
    1146 0.247952 0.00940804
    1147 0.247852 0.00936630
    1148 0.247638 0.00933640
    1149 0.247545 0.00930967
    1150 0.247271 0.00927471
    1151 0.247093 0.00927322
    1152 0.246736 0.00921512
    1153 0.246281 0.00911450
    1154 0.245890 0.00906035
    1155 0.245578 0.00902218
    1156 0.245274 0.00901313
    1157 0.244923 0.00905962
    1158 0.244504 0.00908390
    1159 0.243967 0.00905909
    1160 0.243547 0.00903094
    1161 0.243185 0.00898101
    1162 0.242739 0.00894149
    1163 0.242274 0.00892351
    1164 0.241823 0.00892024
    1165 0.241573 0.00892683
    1166 0.241314 0.00895970
    1167 0.241030 0.00896665
    1168 0.240827 0.00896525
    1169 0.240604 0.00896967
    1170 0.240319 0.00897554
    1171 0.240190 0.00897768
    1172 0.240005 0.00895548
    1173 0.239813 0.00892132
    1174 0.239554 0.00888958
    1175 0.239210 0.00885948
    1176 0.238837 0.00884047
    1177 0.238403 0.00883217
    1178 0.237923 0.00881442
    1179 0.237435 0.00878396
    1180 0.236745 0.00875403
    1181 0.235938 0.00874228
    1182 0.235221 0.00870019
    1183 0.234452 0.00863161
    1184 0.233811 0.00858986
    1185 0.233077 0.00853690
    1186 0.232331 0.00848404
    1187 0.231585 0.00844884
    1188 0.230845 0.00840912
    1189 0.230100 0.00836763
    1190 0.229210 0.00832060
    1191 0.228411 0.00828748
    1192 0.227480 0.00824440
    1193 0.226522 0.00819328
    1194 0.225574 0.00813319
    1195 0.224409 0.00806661
    1196 0.223134 0.00799575
    1197 0.221808 0.00791604
    1198 0.220304 0.00781651
    1199 0.218817 0.00772847
    1200 0.217253 0.00764355
    1201 0.215671 0.00755329
    1202 0.213957 0.00746104
    1203 0.212190 0.00736302
    1204 0.210505 0.00727570
    1205 0.208962 0.00718808
    1206 0.207309 0.00710276
    1207 0.205775 0.00702865
    1208 0.204441 0.00695103
    1209 0.203154 0.00686729
    1210 0.202262 0.00679670
    1211 0.201479 0.00670856
    1212 0.200839 0.00666861
    1213 0.200445 0.00665327
    1214 0.200404 0.00665299
    1215 0.200571 0.00669445
    1216 0.201126 0.00673080
    1217 0.201808 0.00676152
    1218 0.202789 0.00680314
    1219 0.204155 0.00685229
    1220 0.205632 0.00691277
    1221 0.207375 0.00699957
    1222 0.209200 0.00709853
    1223 0.211244 0.00721032
    1224 0.213324 0.00732525
    1225 0.215460 0.00743947
    1226 0.217669 0.00754052
    1227 0.219708 0.00765988
    1228 0.221833 0.00780305
    1229 0.223800 0.00792579
    1230 0.225686 0.00805342
    1231 0.227421 0.00816137
    1232 0.229094 0.00825156
    1233 0.230642 0.00834309
    1234 0.232005 0.00843050
    1235 0.233238 0.00850490
    1236 0.234407 0.00856633
    1237 0.235440 0.00863514
    1238 0.236549 0.00870385
    1239 0.237412 0.00875154
    1240 0.238172 0.00879993
    1241 0.239283 0.00886413
    1242 0.239994 0.00891248
    1243 0.240685 0.00895368
    1244 0.241415 0.00900526
    1245 0.242051 0.00906466
    1246 0.242708 0.00911428
    1247 0.243336 0.00916222
    1248 0.243772 0.00919966
    1249 0.244493 0.00923847
    1250 0.244942 0.00927316
    1251 0.245319 0.00931170
    1252 0.245813 0.00934519
    1253 0.246151 0.00936500
    1254 0.246590 0.00939650
    1255 0.247001 0.00942666
    1256 0.247119 0.00944555
    1257 0.247538 0.00946951
    1258 0.247727 0.00948745
    1259 0.247942 0.00950580
    1260 0.248307 0.00952053
    1261 0.248554 0.00953418
    1262 0.248798 0.00955562
    1263 0.248989 0.00957061
    1264 0.249224 0.00957922
    1265 0.249404 0.00958889
    1266 0.249750 0.00961037
    1267 0.249866 0.00961958
    1268 0.250142 0.00963445
    1269 0.250395 0.00964252
    1270 0.250546 0.00963644
    1271 0.250751 0.00964300
    1272 0.250940 0.00964705
    1273 0.251070 0.00965386
    1274 0.251178 0.00967043
    1275 0.251291 0.00968861
    1276 0.251141 0.00969361
    1277 0.251300 0.00970562
    1278 0.251363 0.00972284
    1279 0.251403 0.00974538
    1280 0.251478 0.00976441
    1281 0.251537 0.00979067
    1282 0.251461 0.00979878
    1283 0.251674 0.00981131
    1284 0.251749 0.00981496
    1285 0.251860 0.00980624
    1286 0.251968 0.00980882
    1287 0.252109 0.00981201
    1288 0.252138 0.00981663
    1289 0.252181 0.00983347
    1290 0.252359 0.00985040
    1291 0.252374 0.00986574
    1292 0.252516 0.00987807
    1293 0.252545 0.00988185
    1294 0.252540 0.00987769
    1295 0.252570 0.00988341
    1296 0.252574 0.00988568
    1297 0.252715 0.00989622
    1298 0.252717 0.00991281
    1299 0.252810 0.00991746
    1300 0.252820 0.00990559
    1301 0.253009 0.00991268
    1302 0.253077 0.00991469
    1303 0.253008 0.00991174
    1304 0.253138 0.00992504
    1305 0.253223 0.00993083
    1306 0.253298 0.00992589
    1307 0.253303 0.00992818
    1308 0.253294 0.00993717
    1309 0.253352 0.00994586
    1310 0.253458 0.00996222
    1311 0.253295 0.00996388
    1312 0.253614 0.00997548
    1313 0.253711 0.00998501
    1314 0.253736 0.00999618
    1315 0.253769 0.0100147
    1316 0.253834 0.0100217
    1317 0.253890 0.0100261
    1318 0.253797 0.0100297
    1319 0.253835 0.0100279
    1320 0.253920 0.0100405
    1321 0.254038 0.0100662
    1322 0.254032 0.0100889
    1323 0.254029 0.0101332
    1324 0.254071 0.0101451
    1325 0.254036 0.0101376
    1326 0.253992 0.0101358
    1327 0.254105 0.0101083
    1328 0.254128 0.0100943
    1329 0.253989 0.0100973
    1330 0.254024 0.0100987
    1331 0.254008 0.0100859
    1332 0.253994 0.0100837
    1333 0.254087 0.0100974
    1334 0.254187 0.0101069
    1335 0.254200 0.0101140
    1336 0.254082 0.0101184
    1337 0.254167 0.0101364
    1338 0.254210 0.0101449
    1339 0.254186 0.0101734
    1340 0.254066 0.0102345
    1341 0.253918 0.0102606
    1342 0.253641 0.0102836
    1343 0.253462 0.0103132
    1344 0.253262 0.0103320
    1345 0.253144 0.0103385
    1346 0.252975 0.0103401
    1347 0.252789 0.0103380
    1348 0.252650 0.0102496
    1349 0.252424 0.0102099
    1350 0.252261 0.0102086
    1351 0.252054 0.0102416
    1352 0.252289 0.0105359
    1353 0.252224 0.0107148
    1354 0.251739 0.0106428
    1355 0.252065 0.0103332
    1356 0.252437 0.0110437
    1357 0.253072 0.0119916
    1358 0.253902 0.0125801
    1359 0.254991 0.0126950
    1360 0.256188 0.0109185
    1361 0.257720 0.00883282
    1362 0.259884 0.00830555
    1363 0.262361 0.00980965
    1364 0.265455 0.0120645
    1365 0.267889 0.0147625
    1366 0.268229 0.0156703
    1367 0.267782 0.0160648
    1368 0.266282 0.0165297
    1369 0.264039 0.0166334
    1370 0.261637 0.0161199
    1371 0.259712 0.0153704
    1372 0.258426 0.0142937
    1373 0.255781 0.0120632
    1374 0.252991 0.0113484
    1375 0.250031 0.0127752
    1376 0.247636 0.0149319
    1377 0.247629 0.0188970
    1378 0.248127 0.0229822
    1379 0.248480 0.0240421
    1380 0.249138 0.0250268
    1381 0.248594 0.0261856
    1382 0.247943 0.0265994
    1383 0.248392 0.0276014
    1384 0.250456 0.0303950
    1385 0.253622 0.0330876
    1386 0.256718 0.0335207
    1387 0.259388 0.0331210
    1388 0.260952 0.0327788
    1389 0.261280 0.0316392
    1390 0.262142 0.0302757
    1391 0.263130 0.0291178
    1392 0.265010 0.0284152
    1393 0.266386 0.0279479
    1394 0.266209 0.0280147
    1395 0.265192 0.0277614
    1396 0.254848 0.0414721
    1397 0.252470 0.0360538
    1398 0.251715 0.0231504
    1399 0.256856 0.0183667
    1400 0.256912 0.0168162
    1401 0.252449 0.0189955
    1402 0.251292 0.0194431
    1403 0.247210 0.0198996
    1404 0.242860 0.0173347
    1405 0.238620 0.0158053
    1406 0.233736 0.0162665
    1407 0.229704 0.0151159
    1408 0.226468 0.0126189
    1409 0.222724 0.0105243
    1410 0.221797 0.00880765
    1411 0.222044 0.00700957
    1412 0.221178 0.00655194
    1413 0.219981 0.00721461
    1414 0.220342 0.00726663
    1415 0.221119 0.00744905
    1416 0.221323 0.00778574
    1417 0.221955 0.00760981
    1418 0.222375 0.00759880
    1419 0.222147 0.00778130
    1420 0.222398 0.00779161
    1421 0.223487 0.00759041
    1422 0.223662 0.00763909
    1423 0.223364 0.00785492
    1424 0.223224 0.00797995
    1425 0.223014 0.00818990
    1426 0.222509 0.00822869
    1427 0.222622 0.00828290
    1428 0.222778 0.00816704
    1429 0.223051 0.00811930
    1430 0.223315 0.00817793
    1431 0.223420 0.00814807
    1432 0.223487 0.00811236
    1433 0.223739 0.00813406
    1434 0.223938 0.00811306
    1435 0.224267 0.00814607
    1436 0.224765 0.00830432
    1437 0.225075 0.00836476
    1438 0.225254 0.00837450
    1439 0.225790 0.00840183
    1440 0.226567 0.00842631
    1441 0.227325 0.00848008
    1442 0.227999 0.00851405
    1443 0.228560 0.00859674
    1444 0.228795 0.00868251
    1445 0.229153 0.00876071
    1446 0.229780 0.00893229
    1447 0.230358 0.00896497
    1448 0.230744 0.00889406
    1449 0.231209 0.00890576
    1450 0.231651 0.00887282
    1451 0.232008 0.00887525
    1452 0.232412 0.00890988
    1453 0.232828 0.00899825
    1454 0.233179 0.00900610
    1455 0.233500 0.00904050
    1456 0.233783 0.00915045
    1457 0.234087 0.00919606
    1458 0.234257 0.00919816
    1459 0.234446 0.00920243
    1460 0.234671 0.00917299
    1461 0.234737 0.00903775
    1462 0.234864 0.00900784
    1463 0.235142 0.00902342
    1464 0.235370 0.00902635
    1465 0.235791 0.00906507
    1466 0.236119 0.00910219
    1467 0.236451 0.00916431
    1468 0.236836 0.00919103
    1469 0.237432 0.00920183
    1470 0.237868 0.00923764
    1471 0.238359 0.00923765
    1472 0.238894 0.00929193
    1473 0.239295 0.00942180
    1474 0.239664 0.00948534
    1475 0.240088 0.00952772
    1476 0.240513 0.00957452
    1477 0.240902 0.00960772
    1478 0.241232 0.00962285
    1479 0.241484 0.00962408
    1480 0.241772 0.00964079
    1481 0.242140 0.00963221
    1482 0.242361 0.00965605
    1483 0.242544 0.00972350
    1484 0.242794 0.00976146
    1485 0.242979 0.00978818
    1486 0.243140 0.00980436
    1487 0.243286 0.00981885
    1488 0.243363 0.00982863
    1489 0.243513 0.00982060
    1490 0.243750 0.00984313
    1491 0.243947 0.00984039
    1492 0.244085 0.00980412
    1493 0.244161 0.00980742
    1494 0.244351 0.00984166
    1495 0.244463 0.00983767
    1496 0.244549 0.00983159
    1497 0.244637 0.00982683
    1498 0.244715 0.00979495
    1499 0.244823 0.00979629
    1500 0.244906 0.00982349
    1501 0.244950 0.00982997
    1502 0.245122 0.00983973
    1503 0.245258 0.00985122
    1504 0.245209 0.00985540
    1505 0.245285 0.00985554
    1506 0.245328 0.00985774
    1507 0.245361 0.00985087
    1508 0.245501 0.00983372
    1509 0.245570 0.00981996
    1510 0.245541 0.00979611
    1511 0.245585 0.00978810
    1512 0.245675 0.00978957
    1513 0.245684 0.00978374
    1514 0.245739 0.00978725
    1515 0.245709 0.00978600
    1516 0.245645 0.00977864
    1517 0.245574 0.00977202
    1518 0.245536 0.00976962
    1519 0.245583 0.00977206
    1520 0.245677 0.00977720
    1521 0.245541 0.00977106
    1522 0.245432 0.00975743
    1523 0.245447 0.00974805
    1524 0.245414 0.00974533
    1525 0.245566 0.00974405
    1526 0.245555 0.00975552
    1527 0.245593 0.00977193
    1528 0.245408 0.00977433
    1529 0.245179 0.00977936
    1530 0.245146 0.00977161
    1531 0.245029 0.00974894
    1532 0.244745 0.00972663
    1533 0.244780 0.00969832
    1534 0.244551 0.00968326
    1535 0.244381 0.00969473
    1536 0.244304 0.00968685
    1537 0.244285 0.00967579
    1538 0.244195 0.00966457
    1539 0.244147 0.00964261
    1540 0.244017 0.00963212
    1541 0.244147 0.00964195
    1542 0.244206 0.00964802
    1543 0.244276 0.00965352
    1544 0.244465 0.00967289
    1545 0.244810 0.00971216
    1546 0.244899 0.00972852
    1547 0.245371 0.00976290
    1548 0.245806 0.00979240
    1549 0.245899 0.00978928
    1550 0.246188 0.00981182
    1551 0.246362 0.00984387
    1552 0.246650 0.00987261
    1553 0.246934 0.00991397
    1554 0.246884 0.00992461
    1555 0.247241 0.00993279
    1556 0.247451 0.00994352
    1557 0.247524 0.00994340
    1558 0.247716 0.00994974
    1559 0.247753 0.00995488
    1560 0.247926 0.00996760
    1561 0.248045 0.00998151
    1562 0.248280 0.00999258
    1563 0.248261 0.00999359
    1564 0.248420 0.00999888
    1565 0.248491 0.00999104
    1566 0.248423 0.00997455
    1567 0.248559 0.00998995
    1568 0.248598 0.00999518
    1569 0.248612 0.00999954
    1570 0.248653 0.0100294
    1571 0.248700 0.0100458
    1572 0.248761 0.0100486
    1573 0.248721 0.0100580
    1574 0.248829 0.0100703
    1575 0.248844 0.0100791
    1576 0.248926 0.0100953
    1577 0.248940 0.0100971
    1578 0.248896 0.0100837
    1579 0.248844 0.0100904
    1580 0.248974 0.0101094
    1581 0.249014 0.0101209
    1582 0.248930 0.0101426
    1583 0.248808 0.0101420
    1584 0.248841 0.0101317
    1585 0.248945 0.0101306
    1586 0.248977 0.0101213
    1587 0.249038 0.0101209
    1588 0.248962 0.0101173
    1589 0.248868 0.0101105
    1590 0.248950 0.0101156
    1591 0.248916 0.0101108
    1592 0.248895 0.0100942
    1593 0.248807 0.0100973
    1594 0.248887 0.0101235
    1595 0.248769 0.0101250
    1596 0.248934 0.0101496
    1597 0.248843 0.0101453
    1598 0.248746 0.0101110
    1599 0.248794 0.0101061
    1600 0.248686 0.0100989
    1601 0.248608 0.0100974
    1602 0.248544 0.0101186
    1603 0.248721 0.0101235
    1604 0.248744 0.0101031
    1605 0.248599 0.0100911
    1606 0.248671 0.0100794
    1607 0.248447 0.0100643
    1608 0.248401 0.0100766
    1609 0.248278 0.0100733
    1610 0.248421 0.0100667
    1611 0.248336 0.0100646
    1612 0.248307 0.0100732
    1613 0.248135 0.0100714
    1614 0.247996 0.0100785
    1615 0.247995 0.0100831
    1616 0.247975 0.0100713
    1617 0.247819 0.0100690
    1618 0.247665 0.0100771
    1619 0.247494 0.0100776
    1620 0.247457 0.0100907
    1621 0.247250 0.0100896
    1622 0.247406 0.0100885
    1623 0.247101 0.0100793
    1624 0.246957 0.0100895
    1625 0.246917 0.0100894
    1626 0.246846 0.0100801
    1627 0.246532 0.0100667
    1628 0.246527 0.0100597
    1629 0.246437 0.0100496
    1630 0.246392 0.0100485
    1631 0.246250 0.0100407
    1632 0.246055 0.0100232
    1633 0.245853 0.0100086
    1634 0.245814 0.0100046
    1635 0.245661 0.00999499
    1636 0.245594 0.00998905
    1637 0.245422 0.00997748
    1638 0.245440 0.00996998
    1639 0.245330 0.00996320
    1640 0.245157 0.00996531
    1641 0.245088 0.00995711
    1642 0.245007 0.00993055
    1643 0.244875 0.00992147
    1644 0.244678 0.00991921
    1645 0.244504 0.00990615
    1646 0.244439 0.00989706
    1647 0.244272 0.00989829
    1648 0.244068 0.00990030
    1649 0.243987 0.00989740
    1650 0.243841 0.00989791
    1651 0.243607 0.00991579
    1652 0.243291 0.00990887
    1653 0.243118 0.00989212
    1654 0.242892 0.00987350
    1655 0.242538 0.00984996
    1656 0.242347 0.00983134
    1657 0.242098 0.00979804
    1658 0.241691 0.00977176
    1659 0.241348 0.00975845
    1660 0.240833 0.00973001
    1661 0.240382 0.00970533
    1662 0.240017 0.00967430
    1663 0.239484 0.00962759
    1664 0.239031 0.00959488
    1665 0.238528 0.00955894
    1666 0.237887 0.00951791
    1667 0.237215 0.00948457
    1668 0.236560 0.00944303
    1669 0.235813 0.00938429
    1670 0.235256 0.00935710
    1671 0.234569 0.00933603
    1672 0.233741 0.00930349
    1673 0.232869 0.00928705
    1674 0.232075 0.00924173
    1675 0.231279 0.00917790
    1676 0.230405 0.00911940
    1677 0.229380 0.00903836
    1678 0.228526 0.00898541
    1679 0.227482 0.00894073
    1680 0.226298 0.00887490
    1681 0.225289 0.00881642
    1682 0.224209 0.00875462
    1683 0.222859 0.00867521
    1684 0.221683 0.00860629
    1685 0.220467 0.00854449
    1686 0.219024 0.00845684
    1687 0.217363 0.00834278
    1688 0.215770 0.00825774
    1689 0.214284 0.00818706
    1690 0.212675 0.00809955
    1691 0.210884 0.00801977
    1692 0.209075 0.00791262
    1693 0.207189 0.00777121
    1694 0.205119 0.00765429
    1695 0.203091 0.00754905
    1696 0.200989 0.00743247
    1697 0.198506 0.00731404
    1698 0.195955 0.00717679
    1699 0.193138 0.00701260
    1700 0.190167 0.00686001
    1701 0.186869 0.00670353
    1702 0.183412 0.00653161
    1703 0.179899 0.00635784
    1704 0.176277 0.00618518
    1705 0.172215 0.00599911
    1706 0.168345 0.00580422
    1707 0.164283 0.00559218
    1708 0.160306 0.00542411
    1709 0.156246 0.00526010
    1710 0.152288 0.00510290
    1711 0.148427 0.00497020
    1712 0.144725 0.00481801
    1713 0.140994 0.00466004
    1714 0.137522 0.00453382
    1715 0.134108 0.00441152
    1716 0.130760 0.00427349
    1717 0.127436 0.00415224
    1718 0.124188 0.00404061
    1719 0.121001 0.00392948
    1720 0.117796 0.00383853
    1721 0.114589 0.00374527
    1722 0.111425 0.00366016
    1723 0.108343 0.00359165
    1724 0.105340 0.00350101
    1725 0.102578 0.00339674
    1726 0.100070 0.00332505
    1727 0.0979817 0.00326684
    1728 0.0964682 0.00322128
    1729 0.0956059 0.00321054
    1730 0.0954411 0.00321087
    1731 0.0960109 0.00321775
    1732 0.0974266 0.00325240
    1733 0.0994806 0.00330304
    1734 0.102319 0.00334813
    1735 0.105642 0.00342870
    1736 0.109482 0.00355963
    1737 0.113552 0.00368845
    1738 0.117776 0.00382527
    1739 0.122135 0.00397609
    1740 0.126312 0.00409719
    1741 0.130267 0.00421873
    1742 0.134004 0.00434379
    1743 0.137290 0.00443639
    1744 0.140213 0.00454832
    1745 0.142889 0.00465238
    1746 0.144996 0.00471186
    1747 0.146542 0.00479728
    1748 0.147593 0.00484108
    1749 0.148083 0.00486185
    1750 0.148157 0.00493173
    1751 0.147877 0.00492367
    1752 0.147218 0.00487521
    1753 0.146185 0.00487439
    1754 0.144821 0.00483282
    1755 0.143165 0.00475373
    1756 0.141107 0.00465413
    1757 0.139201 0.00458701
    1758 0.137150 0.00454170
    1759 0.135293 0.00449544
    1760 0.133364 0.00446398
    1761 0.131958 0.00442395
    1762 0.130783 0.00435454
    1763 0.130050 0.00430357
    1764 0.129798 0.00426849
    1765 0.129895 0.00426457
    1766 0.130661 0.00428020
    1767 0.131808 0.00431014
    1768 0.133525 0.00435732
    1769 0.135374 0.00443512
    1770 0.137671 0.00457305
    1771 0.139900 0.00466649
    1772 0.142450 0.00476342
    1773 0.144760 0.00485549
    1774 0.147147 0.00491244
    1775 0.149325 0.00498314
    1776 0.151391 0.00510163
    1777 0.153405 0.00517574
    1778 0.155325 0.00518108
    1779 0.157148 0.00524458
    1780 0.158519 0.00531654
    1781 0.159970 0.00538017
    1782 0.161330 0.00548746
    1783 0.162288 0.00554583
    1784 0.162987 0.00556471
    1785 0.163820 0.00561189
    1786 0.164333 0.00562423
    1787 0.164820 0.00563623
    1788 0.165292 0.00564490
    1789 0.165485 0.00561031
    1790 0.165601 0.00573554
    1791 0.165812 0.00587802
    1792 0.165738 0.00592167
    1793 0.165686 0.00585696
    1794 0.165419 0.00576778
    1795 0.164859 0.00563936
    1796 0.164486 0.00550307
    1797 0.164141 0.00549601
    1798 0.163790 0.00552061
    1799 0.163473 0.00575107
    1800 0.162826 0.00612630
    1801 0.162826 0.00612630
    1802 0.163061 0.00625892
    1803 0.163376 0.00642155
    1804 0.163614 0.00719896
    1805 0.165904 0.00725033
    1806 0.166994 0.00759121
    1807 0.168286 0.00795186
    1808 0.169731 0.00823541
    1809 0.171390 0.00843177
    1810 0.173265 0.00845142
    1811 0.175384 0.00835722
    1812 0.177745 0.00807265
    1813 0.180504 0.00772778
    1814 0.183761 0.00731138
    1815 0.187553 0.00698692
    1816 0.191817 0.00703668
    1817 0.196805 0.00780927
    1818 0.202607 0.00890359
    1819 0.208786 0.0102749
    1820 0.216111 0.0118774
    1821 0.225812 0.0137620
    1822 0.237393 0.0171274
    1823 0.250980 0.0199059
    1824 0.266945 0.0235272
    1825 0.285114 0.0268536
    1826 0.303729 0.0294668
    1827 0.325444 0.0315392
    1828 0.351608 0.0327528
    1829 0.381703 0.0355107
    1830 0.416103 0.0429538
    1831 0.454930 0.0542313
    1832 0.494034 0.0684216
    1833 0.533245 0.0818239
    1834 0.572277 0.0870833
    1835 0.606788 0.0945760
    1836 0.639456 0.101309
    1837 0.666521 0.105458
    1838 0.690331 0.110034
    1839 0.712933 0.115459
    1840 0.732913 0.124903
    1841 0.752844 0.135509
    1842 0.768980 0.147137
    1843 0.784939 0.151584
    1844 0.797534 0.156032
    1845 0.797265 0.163051
    1846 0.792228 0.167721
    1847 0.785299 0.167199
    1848 0.776684 0.163999
    1849 0.767354 0.163262
    1850 0.757393 0.165068
    1851 0.748308 0.172181
    1852 0.742405 0.185845
    1853 0.735254 0.196760
    1854 0.724929 0.201884
    1855 0.716878 0.206370
    1856 0.718621 0.202801
    1857 0.729487 0.201212
    1858 0.745783 0.208626
    1859 0.767088 0.216861
    1860 0.787655 0.225493
    1861 0.801757 0.235292
    1862 0.812689 0.243821
    1863 0.811709 0.241890
    1864 0.807498 0.233682
    1865 0.803724 0.219128
    1866 0.802345 0.206642
    1867 0.804461 0.199799
    1868 0.800935 0.204465
    1869 0.793307 0.205659
    1870 0.784299 0.197868
    1871 0.775143 0.188960
    1872 0.771332 0.174744
    1873 0.767711 0.164085
    1874 0.768478 0.160794
    1875 0.771734 0.163105
    1876 0.776333 0.164609
    1877 0.778608 0.164190
    1878 0.775416 0.169833
    1879 0.762843 0.165484
    1880 0.747259 0.156515
    1881 0.735332 0.152285
    1882 0.723116 0.145144
    1883 0.710308 0.134258
    1884 0.699828 0.127971
    1885 0.692064 0.128008
    1886 0.680519 0.125802
    1887 0.666903 0.125688
    1888 0.650544 0.127674
    1889 0.633157 0.128564
    1890 0.631239 0.133072
    1891 0.640063 0.141385
    1892 0.651364 0.151155
    1893 0.664409 0.159547
    1894 0.676653 0.165380
    1895 0.684859 0.168932
    1896 0.683291 0.168751
    1897 0.681938 0.165356
    1898 0.685222 0.163099
    1899 0.688851 0.163738
    1900 0.692369 0.165923
    1901 0.704647 0.175289
    1902 0.715052 0.181931
    1903 0.723771 0.185331
    1904 0.737289 0.185499
    1905 0.749415 0.182158
    1906 0.760885 0.179797
    1907 0.772537 0.183381
    1908 0.785432 0.190179
    1909 0.786315 0.192042
    1910 0.778751 0.191663
    1911 0.770821 0.188919
    1912 0.744220 0.177848
    1913 0.705981 0.167919
    1914 0.663372 0.156955
    1915 0.612693 0.146466
    1916 0.560915 0.136418
    1917 0.510827 0.125025
    1918 0.466756 0.108092
    1919 0.424145 0.0898394
    1920 0.389293 0.0757261
    1921 0.362773 0.0636974
    1922 0.339490 0.0531872
    1923 0.322252 0.0459648
    1924 0.309431 0.0390933
    1925 0.297902 0.0327075
    1926 0.288091 0.0271568
    1927 0.278720 0.0226234
    1928 0.268692 0.0193641
    1929 0.258636 0.0172034
    1930 0.249226 0.0158338
    1931 0.240010 0.0153262
    1932 0.231854 0.0151746
    1933 0.224678 0.0144512
    1934 0.217903 0.0137097
    1935 0.211919 0.0131403
    1936 0.203455 0.0131381
    1937 0.201516 0.0126631
    1938 0.200098 0.0108691
    1939 0.196847 0.00880619
    1940 0.195544 0.00920725
    1941 0.194821 0.0108991
    1942 0.193249 0.0121819
    1943 0.192635 0.0126968
    1944 0.191495 0.0117208
    1945 0.190273 0.0108944
    1946 0.190178 0.00954890
    1947 0.190303 0.00830651
    1948 0.189505 0.00761801
    1949 0.188871 0.00804719
    1950 0.188870 0.00874390
    1951 0.188162 0.00959739
    1952 0.187786 0.00989953
    1953 0.187983 0.00987341
    1954 0.187029 0.00981717
    1955 0.186901 0.00929441
    1956 0.186576 0.00885891
    1957 0.186935 0.00840080
    1958 0.187171 0.00810200
    1959 0.187051 0.00775217
    1960 0.186526 0.00762075
    1961 0.186213 0.00767711
    1962 0.185262 0.00760704
    1963 0.185003 0.00748548
    1964 0.184897 0.00739262
    1965 0.185294 0.00749645
    1966 0.185143 0.00751882
    1967 0.184988 0.00754697
    1968 0.184942 0.00758192
    1969 0.184457 0.00767391
    1970 0.184620 0.00781658
    1971 0.184235 0.00790357
    1972 0.184389 0.00807914
    1973 0.184346 0.00815199
    1974 0.184364 0.00807401
    1975 0.184499 0.00797390
    1976 0.184232 0.00792976
    1977 0.184389 0.00789910
    1978 0.184115 0.00787977
    1979 0.184409 0.00788296
    1980 0.184641 0.00792351
    1981 0.184814 0.00800237
    1982 0.184729 0.00801914
    1983 0.184322 0.00803840
    1984 0.184784 0.00808811
    1985 0.184970 0.00812194
    1986 0.184789 0.00804623
    1987 0.184628 0.00803765
    1988 0.184773 0.00807444
    1989 0.184554 0.00802719
    1990 0.184734 0.00798861
    1991 0.184448 0.00797481
    1992 0.184334 0.00799346
    1993 0.184614 0.00801231
    1994 0.184502 0.00806571
    1995 0.184270 0.00806961
    1996 0.184424 0.00801868
    1997 0.184593 0.00803441
    1998 0.183103 0.00803276
    1999 0.183905 0.00806592
    2000 0.183804 0.00818975
    2001 0.183837 0.00821062
    2002 0.183762 0.00806884
    2003 0.183223 0.00809550
    2004 0.182703 0.00800788
    2005 0.182104 0.00774809
    2006 0.180802 0.00758748
    2007 0.181520 0.00755007
    2008 0.182507 0.00748018
    2009 0.183222 0.00752306
    2010 0.182854 0.00749777
    2011 0.182754 0.00750600
    2012 0.182204 0.00733291
    2013 0.182028 0.00726520
    2014 0.182302 0.00719361
    2015 0.182548 0.00730479
    2016 0.183110 0.00752660
    2017 0.183570 0.00761634
    2018 0.183413 0.00773371
    2019 0.183813 0.00777928
    2020 0.183901 0.00770443
    2021 0.184020 0.00771312
    2022 0.184313 0.00773847
    2023 0.184978 0.00779288
    2024 0.184836 0.00787010
    2025 0.184929 0.00788660
    2026 0.184760 0.00785819
    2027 0.185080 0.00788516
    2028 0.185725 0.00787574
    2029 0.185674 0.00787598
    2030 0.185712 0.00789859
    2031 0.186256 0.00797369
    2032 0.186467 0.00801062
    2033 0.185467 0.00800474
    2034 0.184279 0.00800229
    2035 0.184911 0.00807201
    2036 0.185660 0.00812472
    2037 0.185555 0.00815990
    2038 0.185588 0.00817474
    2039 0.185375 0.00815742
    2040 0.184897 0.00812490
    2041 0.185016 0.00810456
    2042 0.185344 0.00810366
    2043 0.185239 0.00810552
    2044 0.185151 0.00809442
    2045 0.184921 0.00808282
    2046 0.184780 0.00806842
    2047 0.184703 0.00807228
    2048 0.184636 0.00810057
    2049 0.184589 0.00810664
    2050 0.184635 0.00812842
    2051 0.184901 0.00814150
    2052 0.184903 0.00811793
    2053 0.184802 0.00809154
    2054 0.185035 0.00805338
    2055 0.185527 0.00804274
    2056 0.185909 0.00806219
    2057 0.186089 0.00803399
    2058 0.186335 0.00805456
    2059 0.186422 0.00811072
    2060 0.186725 0.00814712
    2061 0.187132 0.00816257
    2062 0.187498 0.00824997
    2063 0.187579 0.00839236
    2064 0.188010 0.00846474
    2065 0.188585 0.00860951
    2066 0.189146 0.00863560
    2067 0.189695 0.00847680
    2068 0.190057 0.00844672
    2069 0.190304 0.00844525
    2070 0.190582 0.00840443
    2071 0.191087 0.00846318
    2072 0.191212 0.00855546
    2073 0.191358 0.00862999
    2074 0.191546 0.00872521
    2075 0.191865 0.00878096
    2076 0.192254 0.00884735
    2077 0.192318 0.00886686
    2078 0.192514 0.00884017
    2079 0.192827 0.00883898
    2080 0.192895 0.00882557
    2081 0.193280 0.00883323
    2082 0.193802 0.00882687
    2083 0.193748 0.00883641
    2084 0.193808 0.00888338
    2085 0.194126 0.00892096
    2086 0.194211 0.00896913
    2087 0.194582 0.00904190
    2088 0.194993 0.00903897
    2089 0.194923 0.00895415
    2090 0.194862 0.00894235
    2091 0.195032 0.00892097
    2092 0.194915 0.00891311
    2093 0.195165 0.00897959
    2094 0.195342 0.00900531
    2095 0.195627 0.00900772
    2096 0.195890 0.00901240
    2097 0.196134 0.00901509
    2098 0.196530 0.00903633
    2099 0.196677 0.00905014
    2100 0.196509 0.00904918
    2101 0.196627 0.00906471
    2102 0.197144 0.00909446
    2103 0.197125 0.00911170
    2104 0.197250 0.00918367
    2105 0.197301 0.00922647
    2106 0.197418 0.00931398
    2107 0.197810 0.00934333
    2108 0.197655 0.00928874
    2109 0.197799 0.00930144
    2110 0.198047 0.00931686
    2111 0.198332 0.00935352
    2112 0.198609 0.00945850
    2113 0.199118 0.00949016
    2114 0.199093 0.00943903
    2115 0.198416 0.00941087
    2116 0.198015 0.00937666
    2117 0.198376 0.00938149
    2118 0.198851 0.00944257
    2119 0.199003 0.00944881
    2120 0.199148 0.00946549
    2121 0.199193 0.00946012
    2122 0.199329 0.00946693
    2123 0.198799 0.00945364
    2124 0.198801 0.00947748
    2125 0.199364 0.00951362
    2126 0.199037 0.00954072
    2127 0.198851 0.00962981
    2128 0.198634 0.00965329
    2129 0.198561 0.00967642
    2130 0.198409 0.00966431
    2131 0.197646 0.00955940
    2132 0.196862 0.00949775
    2133 0.196329 0.00944048
    2134 0.196887 0.00944039
    2135 0.197756 0.00948874
    2136 0.197976 0.00949906
    2137 0.197375 0.00948828
    2138 0.196449 0.00943434
    2139 0.195666 0.00939788
    2140 0.195457 0.00937410
    2141 0.194682 0.00933940
    2142 0.194319 0.00933403
    2143 0.194155 0.00932371
    2144 0.193550 0.00927629
    2145 0.193354 0.00928143
    2146 0.193621 0.00933132
    2147 0.194045 0.00935972
    2148 0.194001 0.00938176
    2149 0.193940 0.00940028
    2150 0.193403 0.00939500
    2151 0.193171 0.00936527
    2152 0.192975 0.00930259
    2153 0.193406 0.00930483
    2154 0.193007 0.00925133
    2155 0.193007 0.00923601
    2156 0.193115 0.00928267
    2157 0.192800 0.00931095
    2158 0.192635 0.00931674
    2159 0.192182 0.00928384
    2160 0.191732 0.00928438
    2161 0.191633 0.00931387
    2162 0.191487 0.00931216
    2163 0.191361 0.00933162
    2164 0.190777 0.00928385
    2165 0.190401 0.00916143
    2166 0.189505 0.00909667
    2167 0.189316 0.00905886
    2168 0.188942 0.00904706
    2169 0.188597 0.00911032
    2170 0.188493 0.00914063
    2171 0.188555 0.00918189
    2172 0.188270 0.00919503
    2173 0.188267 0.00920612
    2174 0.188297 0.00920184
    2175 0.188004 0.00918466
    2176 0.187018 0.00909432
    2177 0.186889 0.00904882
    2178 0.186440 0.00901400
    2179 0.186394 0.00902508
    2180 0.187162 0.00909756
    2181 0.186983 0.00914340
    2182 0.186431 0.00920970
    2183 0.186019 0.00925250
    2184 0.185445 0.00932922
    2185 0.184532 0.00930702
    2186 0.184772 0.00928970
    2187 0.183784 0.00920918
    2188 0.183037 0.00902973
    2189 0.182812 0.00896882
    2190 0.182253 0.00890399
    2191 0.182133 0.00890936
    2192 0.181649 0.00903014
    2193 0.181072 0.00904963
    2194 0.180595 0.00904653
    2195 0.180639 0.00906990
    2196 0.180210 0.00904675
    2197 0.179664 0.00899177
    2198 0.179062 0.00890904
    2199 0.178537 0.00885999
    2200 0.177741 0.00881177
    2201 0.177201 0.00875480
    2202 0.176665 0.00868460
    2203 0.176644 0.00868280
    2204 0.175530 0.00858937
    2205 0.174727 0.00840694
    2206 0.174311 0.00834894
    2207 0.174458 0.00836262
    2208 0.174250 0.00835540
    2209 0.173776 0.00840555
    2210 0.172119 0.00833933
    2211 0.171728 0.00828100
    2212 0.172045 0.00827448
    2213 0.171173 0.00819194
    2214 0.170088 0.00812085
    2215 0.168989 0.00808625
    2216 0.168589 0.00805662
    2217 0.168542 0.00802379
    2218 0.167859 0.00797539
    2219 0.166282 0.00792676
    2220 0.165512 0.00783815
    2221 0.165423 0.00779253
    2222 0.165339 0.00775643
    2223 0.164113 0.00769096
    2224 0.163207 0.00769125
    2225 0.162518 0.00767931
    2226 0.161889 0.00771497
    2227 0.160846 0.00765092
    2228 0.159772 0.00752402
    2229 0.159301 0.00747651
    2230 0.158262 0.00738808
    2231 0.157744 0.00732875
    2232 0.156481 0.00729378
    2233 0.155897 0.00726498
    2234 0.155422 0.00720161
    2235 0.154059 0.00715384
    2236 0.153671 0.00718729
    2237 0.152759 0.00717204
    2238 0.151908 0.00718505
    2239 0.149497 0.00709742
    2240 0.148609 0.00701757
    2241 0.147094 0.00692756
    2242 0.146718 0.00682530
    2243 0.143867 0.00667606
    2244 0.142886 0.00660707
    2245 0.142172 0.00655289
    2246 0.140457 0.00649346
    2247 0.139261 0.00644077
    2248 0.137876 0.00636475
    2249 0.136558 0.00629304
    2250 0.135419 0.00615157
    2251 0.134001 0.00605029
    2252 0.132050 0.00602677
    2253 0.130035 0.00602618
    2254 0.129451 0.00606272
    2255 0.127755 0.00619601
    2256 0.125605 0.00610474
    2257 0.123664 0.00587247
    2258 0.121506 0.00572743
    2259 0.119714 0.00551868
    2260 0.117932 0.00539213
    2261 0.115785 0.00531790
    2262 0.113438 0.00524720
    2263 0.111978 0.00524323
    2264 0.109961 0.00519208
    2265 0.107691 0.00520295
    2266 0.105253 0.00512023
    2267 0.102934 0.00492106
    2268 0.100422 0.00478765
    2269 0.0984481 0.00463764
    2270 0.0955102 0.00452041
    2271 0.0933591 0.00456056
    2272 0.0914639 0.00452024
    2273 0.0891233 0.00442939
    2274 0.0872410 0.00434569
    2275 0.0845151 0.00414599
    2276 0.0823034 0.00402642
    2277 0.0806384 0.00398105
    2278 0.0783268 0.00388917
    2279 0.0767970 0.00380003
    2280 0.0749764 0.00369550
    2281 0.0733661 0.00365240
    2282 0.0718566 0.00364977
    2283 0.0697387 0.00371912
    2284 0.0678576 0.00371785
    2285 0.0665812 0.00364117
    2286 0.0649720 0.00366297
    2287 0.0631438 0.00363733
    2288 0.0618463 0.00364591
    2289 0.0601041 0.00356654
    2290 0.0583929 0.00345251
    2291 0.0568332 0.00331307
    2292 0.0549880 0.00309154
    2293 0.0532536 0.00302460
    2294 0.0509745 0.00296615
    2295 0.0489849 0.00292810
    2296 0.0469964 0.00300887
    2297 0.0448505 0.00295991
    2298 0.0428645 0.00283478
    2299 0.0406453 0.00279597
    2300 0.0383149 0.00279566
    2301 0.0364090 0.00277724
    2302 0.0347660 0.00281448
    2303 0.0327800 0.00277135
    2304 0.0310672 0.00265609
    2305 0.0292419 0.00260304
    2306 0.0278746 0.00253275
    2307 0.0267721 0.00254725
    2308 0.0255265 0.00259215
    2309 0.0248308 0.00264663
    2310 0.0245565 0.00282840
    2311 0.0243798 0.00286772
    2312 0.0246623 0.00283494
    2313 0.0250796 0.00282268
    2314 0.0258032 0.00275473
    2315 0.0270709 0.00266961
    2316 0.0288620 0.00267857
    2317 0.0305984 0.00283120
    2318 0.0328780 0.00300903
    2319 0.0349758 0.00305876
    2320 0.0370964 0.00305273
    2321 0.0395009 0.00302532
    2322 0.0415395 0.00300650
    2323 0.0434248 0.00302281
    2324 0.0450544 0.00293192
    2325 0.0464440 0.00297810
    2326 0.0476154 0.00305011
    2327 0.0485892 0.00303013
    2328 0.0492533 0.00326772
    2329 0.0494705 0.00337209
    2330 0.0494418 0.00324989
    2331 0.0492491 0.00330015
    2332 0.0484275 0.00317015
    2333 0.0477212 0.00303465
    2334 0.0473714 0.00302076
    2335 0.0465102 0.00305773
    2336 0.0455343 0.00312608
    2337 0.0447891 0.00337467
    2338 0.0439293 0.00343838
    2339 0.0426279 0.00344710
    2340 0.0414921 0.00347551
    2341 0.0401036 0.00328055
    2342 0.0386345 0.00326144
    2343 0.0373713 0.00342101
    2344 0.0358487 0.00346861
    2345 0.0345848 0.00364890
    2346 0.0333991 0.00370115
    2347 0.0321111 0.00373598
    2348 0.0312682 0.00371544
    2349 0.0303884 0.00356206
    2350 0.0298045 0.00336397
    2351 0.0297264 0.00297289
    2352 0.0297733 0.00278068
    2353 0.0302054 0.00263810
    2354 0.0305509 0.00276179
    2355 0.0312377 0.00307256
    2356 0.0321601 0.00311614
    2357 0.0335371 0.00330344
    2358 0.0341936 0.00329900
    2359 0.0351298 0.00296678
    2360 0.0359941 0.00291991
    2361 0.0359131 0.00292544
    2362 0.0361020 0.00294046
    2363 0.0365458 0.00314169
    2364 0.0367011 0.00320315
    2365 0.0367389 0.00323493
    2366 0.0365976 0.00327902
    2367 0.0362023 0.00330277
    2368 0.0357949 0.00318084
    2369 0.0353953 0.00289599
    2370 0.0351788 0.00311359
    2371 0.0343670 0.00334544
    2372 0.0340895 0.00327982
    2373 0.0339922 0.00341203
    2374 0.0340543 0.00350999
    2375 0.0340212 0.00351475
    2376 0.0340009 0.00354033
    2377 0.0341552 0.00334043
    2378 0.0338996 0.00327744
    2379 0.0336387 0.00323597
    2380 0.0333406 0.00301719
    2381 0.0323815 0.00310852
    2382 0.0316363 0.00335848
    2383 0.0317806 0.00329345
    2384 0.0311650 0.00360033
    2385 0.0305128 0.00407697
    2386 0.0303823 0.00432799
    2387 0.0302118 0.00409614
    2388 0.0301779 0.00363672
    2389 0.0310626 0.00391458
    2390 0.0309156 0.00402136
    2391 0.0305414 0.00422791
    2392 0.0307050 0.00428711
    2393 0.0304714 0.00378464
    2394 0.0306319 0.00374498
    2395 0.0309928 0.00387344
    2396 0.0307387 0.00401161
    2397 0.0305159 0.00399157
    2398 0.0304593 0.00403134
    2399 0.0306933 0.00358841
    2400 0.0304439 0.00294872
    2401 0.0299040 0.00299092
    2402 0.0300946 0.00293608
    2403 0.0300252 0.00275393
    2404 0.0294976 0.00281970
    2405 0.0302913 0.00250511
    2406 0.0312550 0.00291221
    2407 0.0308634 0.00347607
    2408 0.0306342 0.00445002
    2409 0.0306474 0.00488340
    2410 0.0297510 0.00510658
    2411 0.0298478 0.00530413
    2412 0.0296405 0.00421575
    2413 0.0285889 0.00365859
    2414 0.0286477 0.00444234
    2415 0.0284453 0.00472219
    2416 0.0284323 0.00452438
    2417 0.0294084 0.00455408
    2418 0.0299700 0.00399695
    2419 0.0300850 0.00477621
    2420 0.0299840 0.00585959
    2421 0.0294167 0.00539283
    2422 0.0289262 0.00484374
    2423 0.0282835 0.00385242
    2424 0.0285347 0.00300146
    2425 0.0293622 0.00319360
    2426 0.0298920 0.00333967
    2427 0.0300135 0.00299241
    2428 0.0297474 0.00276907
    2429 0.0296608 0.00327379
    2430 0.0291574 0.00429272
    2431 0.0284386 0.00562520
    2432 0.0279354 0.00657748
    2433 0.0280609 0.00603480
    2434 0.0287438 0.00453061
    2435 0.0292676 0.00295593
    2436 0.0304064 0.00234270
    2437 0.0301829 0.00281867
    2438 0.0296558 0.00257004
    2439 0.0296415 0.00319465
    2440 0.0287646 0.00416214
    2441 0.0286363 0.00419663
    2442 0.0285377 0.00413226
    2443 0.0280117 0.00488451
    2444 0.0270042 0.00498958
    2445 0.0265926 0.00506385
    2446 0.0276588 0.00581460
    2447 0.0287952 0.00559486
    2448 0.0312007 0.00784237
    2449 0.0335492 0.00777292
    2450 0.0330792 0.00537803
    2451 0.0336576 0.00400021
    2452 0.0349708 0.00614585
    2453 0.0343775 0.00646375
    2454 0.0356946 0.00559232
    2455 0.0351794 0.00495565
    2456 0.0354270 0.00536541
    2457 0.0356221 0.00562543
    2458 0.0357527 0.00574471
    2459 0.0360175 0.00577669
    2460 0.0360819 0.00573067
    2461 0.0358114 0.00608603
    2462 0.0355803 0.00669664
    2463 0.0353540 0.00694242
    2464 0.0349644 0.00692426
    2465 0.0346255 0.00670246
    2466 0.0341456 0.00647338
    2467 0.0332581 0.00660092
    2468 0.0321258 0.00681443
    2469 0.0307868 0.00675159
    2470 0.0290411 0.00686373
    2471 0.0271220 0.00722297
    2472 0.0251410 0.00750704
    2473 0.0228216 0.00772559
    2474 0.0205640 0.00761670
    2475 0.0185740 0.00698331
    2476 0.0165939 0.00625639
    2477 0.0149182 0.00612247
    2478 0.0136285 0.00616010
    2479 0.0125274 0.00666906
    2480 0.0122624 0.00810751
    2481 0.0130292 0.0105031
    2482 0.0130682 0.0122110
    2483 0.0129224 0.0139960
    2484 0.0128403 0.0137681
    2485 0.0120670 0.0140639
    2486 0.0111671 0.0140569
    2487 0.0103145 0.0140149
    2488 0.00930614 0.0136538
    2489 0.00822872 0.0122856
    2490 0.00728315 0.0109813
    2491 0.00557736 0.00855357
    2492 0.00395820 0.00532692
    2493 0.00352877 0.00500478
    2494 0.00378520 0.00651672
    2495 0.00459286 0.00719337
    2496 0.000000 0.000000
    2497 0.00871138 0.0123076
    2498 0.0109986 0.0211023
    2499 0.0137165 0.0228481
    2500 0.0162277 0.0277015
