#Wavelength in nm, Average Reflectance 350 to 2500nm by 1nm, Standard Deviation: N = 68, Decimal Hours UT: ,17.5138
     350 0.0150578 0.00805685
     351 0.0150336 0.00782954
     352 0.0149667 0.00764231
     353 0.0148130 0.00746638
     354 0.0146766 0.00728040
     355 0.0147094 0.00715058
     356 0.0146004 0.00701156
     357 0.0144177 0.00685778
     358 0.0144205 0.00671055
     359 0.0142916 0.00656059
     360 0.0141226 0.00639352
     361 0.0140025 0.00623866
     362 0.0137617 0.00610350
     363 0.0136678 0.00598747
     364 0.0136670 0.00587448
     365 0.0136838 0.00577127
     366 0.0136449 0.00567718
     367 0.0135794 0.00561619
     368 0.0135840 0.00558758
     369 0.0136847 0.00555606
     370 0.0136888 0.00555017
     371 0.0137105 0.00555873
     372 0.0137756 0.00555862
     373 0.0138726 0.00555635
     374 0.0139122 0.00557410
     375 0.0139710 0.00561501
     376 0.0140502 0.00565143
     377 0.0141750 0.00571130
     378 0.0142536 0.00577109
     379 0.0143339 0.00580742
     380 0.0145822 0.00584254
     381 0.0148077 0.00586722
     382 0.0148378 0.00588607
     383 0.0148087 0.00589568
     384 0.0150239 0.00586165
     385 0.0150843 0.00581122
     386 0.0151491 0.00576654
     387 0.0153138 0.00572639
     388 0.0154560 0.00568156
     389 0.0155375 0.00560053
     390 0.0155505 0.00550129
     391 0.0155903 0.00543008
     392 0.0155941 0.00529865
     393 0.0156747 0.00515424
     394 0.0157488 0.00498859
     395 0.0156921 0.00478030
     396 0.0157880 0.00456712
     397 0.0158125 0.00434614
     398 0.0157617 0.00414019
     399 0.0158335 0.00396418
     400 0.0158932 0.00380840
     401 0.0159016 0.00365920
     402 0.0159254 0.00352870
     403 0.0160165 0.00344173
     404 0.0161359 0.00337725
     405 0.0163145 0.00332933
     406 0.0165004 0.00327892
     407 0.0166443 0.00325198
     408 0.0168238 0.00323016
     409 0.0170619 0.00320421
     410 0.0172607 0.00318139
     411 0.0174472 0.00316048
     412 0.0175832 0.00314031
     413 0.0177158 0.00313088
     414 0.0179152 0.00312360
     415 0.0180801 0.00311384
     416 0.0182799 0.00311808
     417 0.0184699 0.00312579
     418 0.0186831 0.00314292
     419 0.0188928 0.00315710
     420 0.0191126 0.00317082
     421 0.0192264 0.00317987
     422 0.0193995 0.00319407
     423 0.0196292 0.00322281
     424 0.0197080 0.00324222
     425 0.0198834 0.00327116
     426 0.0200303 0.00330365
     427 0.0201671 0.00333856
     428 0.0203330 0.00336506
     429 0.0204847 0.00339210
     430 0.0206003 0.00341297
     431 0.0206954 0.00342593
     432 0.0208213 0.00343763
     433 0.0209208 0.00344379
     434 0.0209888 0.00344798
     435 0.0210859 0.00346133
     436 0.0211521 0.00346333
     437 0.0212139 0.00346887
     438 0.0212968 0.00348255
     439 0.0213558 0.00348952
     440 0.0214390 0.00349776
     441 0.0215412 0.00351565
     442 0.0216082 0.00353533
     443 0.0217181 0.00355093
     444 0.0218214 0.00356714
     445 0.0219180 0.00358415
     446 0.0219955 0.00359681
     447 0.0221105 0.00361850
     448 0.0222359 0.00364155
     449 0.0223356 0.00365946
     450 0.0224180 0.00367616
     451 0.0225361 0.00370212
     452 0.0226444 0.00372518
     453 0.0227727 0.00374884
     454 0.0228720 0.00377591
     455 0.0229541 0.00380344
     456 0.0230271 0.00382726
     457 0.0230929 0.00384426
     458 0.0231675 0.00387027
     459 0.0232411 0.00389560
     460 0.0232853 0.00391210
     461 0.0233379 0.00393126
     462 0.0233817 0.00395279
     463 0.0234267 0.00397629
     464 0.0234737 0.00399953
     465 0.0235575 0.00402993
     466 0.0236042 0.00405618
     467 0.0236535 0.00408207
     468 0.0236943 0.00410102
     469 0.0237288 0.00412168
     470 0.0237641 0.00414257
     471 0.0237951 0.00416013
     472 0.0238191 0.00417413
     473 0.0238781 0.00419328
     474 0.0239207 0.00420941
     475 0.0239725 0.00422765
     476 0.0240050 0.00424354
     477 0.0240416 0.00425758
     478 0.0240780 0.00427084
     479 0.0240861 0.00428447
     480 0.0241163 0.00429822
     481 0.0241479 0.00431140
     482 0.0242139 0.00433401
     483 0.0242784 0.00436181
     484 0.0243658 0.00439048
     485 0.0244870 0.00442376
     486 0.0245673 0.00445359
     487 0.0246381 0.00447862
     488 0.0246972 0.00449616
     489 0.0247670 0.00451162
     490 0.0248193 0.00452486
     491 0.0248921 0.00453824
     492 0.0249816 0.00455511
     493 0.0250869 0.00457668
     494 0.0252464 0.00459563
     495 0.0254285 0.00461863
     496 0.0255849 0.00463999
     497 0.0257773 0.00466742
     498 0.0259874 0.00469221
     499 0.0262366 0.00472056
     500 0.0265083 0.00475000
     501 0.0268188 0.00477842
     502 0.0271247 0.00480259
     503 0.0274664 0.00482771
     504 0.0278625 0.00485447
     505 0.0282528 0.00487882
     506 0.0287120 0.00490405
     507 0.0292325 0.00492880
     508 0.0297806 0.00495660
     509 0.0304204 0.00498388
     510 0.0311077 0.00500950
     511 0.0318254 0.00503609
     512 0.0326198 0.00506346
     513 0.0334741 0.00509113
     514 0.0344209 0.00512781
     515 0.0354376 0.00517272
     516 0.0365372 0.00521605
     517 0.0377334 0.00525980
     518 0.0390322 0.00530688
     519 0.0403505 0.00534752
     520 0.0416425 0.00538399
     521 0.0429894 0.00542833
     522 0.0443454 0.00547485
     523 0.0457227 0.00552890
     524 0.0471520 0.00559724
     525 0.0485620 0.00567014
     526 0.0499881 0.00574790
     527 0.0513777 0.00582178
     528 0.0527164 0.00589377
     529 0.0539753 0.00596445
     530 0.0551496 0.00603456
     531 0.0562577 0.00610637
     532 0.0572717 0.00617464
     533 0.0582463 0.00624332
     534 0.0591633 0.00630859
     535 0.0600049 0.00637009
     536 0.0607693 0.00642833
     537 0.0614825 0.00648525
     538 0.0620718 0.00653578
     539 0.0626269 0.00658684
     540 0.0631589 0.00663609
     541 0.0636648 0.00668227
     542 0.0641193 0.00672261
     543 0.0645413 0.00675963
     544 0.0650019 0.00680168
     545 0.0653768 0.00683584
     546 0.0657298 0.00687031
     547 0.0661317 0.00691229
     548 0.0664446 0.00694242
     549 0.0667809 0.00697882
     550 0.0670867 0.00701391
     551 0.0673089 0.00703812
     552 0.0675382 0.00706820
     553 0.0676147 0.00708625
     554 0.0676602 0.00710430
     555 0.0676466 0.00712020
     556 0.0675371 0.00713364
     557 0.0673169 0.00714218
     558 0.0670366 0.00714926
     559 0.0666873 0.00715490
     560 0.0661969 0.00714654
     561 0.0656654 0.00713516
     562 0.0651054 0.00712704
     563 0.0644980 0.00711802
     564 0.0638604 0.00710882
     565 0.0631908 0.00709974
     566 0.0624634 0.00709105
     567 0.0617141 0.00708574
     568 0.0608597 0.00707513
     569 0.0599828 0.00707043
     570 0.0591418 0.00707389
     571 0.0582351 0.00707036
     572 0.0573746 0.00706968
     573 0.0566499 0.00708145
     574 0.0558239 0.00708021
     575 0.0551197 0.00709126
     576 0.0544428 0.00709776
     577 0.0538342 0.00710649
     578 0.0532920 0.00712047
     579 0.0527341 0.00712860
     580 0.0521945 0.00713193
     581 0.0517174 0.00713959
     582 0.0512518 0.00714478
     583 0.0508246 0.00715263
     584 0.0504854 0.00717453
     585 0.0501099 0.00719103
     586 0.0497983 0.00721537
     587 0.0494966 0.00723851
     588 0.0492228 0.00726475
     589 0.0490034 0.00730173
     590 0.0487415 0.00732921
     591 0.0485958 0.00735535
     592 0.0483862 0.00737126
     593 0.0482399 0.00739391
     594 0.0480913 0.00740881
     595 0.0479720 0.00742871
     596 0.0478908 0.00744808
     597 0.0477976 0.00746209
     598 0.0477464 0.00748894
     599 0.0476527 0.00751058
     600 0.0475557 0.00753362
     601 0.0474609 0.00755997
     602 0.0473190 0.00758147
     603 0.0471573 0.00760745
     604 0.0469630 0.00763483
     605 0.0467359 0.00766185
     606 0.0464607 0.00768758
     607 0.0461401 0.00771209
     608 0.0458114 0.00773934
     609 0.0454768 0.00776596
     610 0.0451059 0.00778922
     611 0.0446800 0.00780630
     612 0.0442790 0.00782916
     613 0.0439544 0.00785701
     614 0.0435584 0.00787234
     615 0.0432148 0.00789949
     616 0.0428377 0.00792093
     617 0.0424922 0.00794021
     618 0.0421783 0.00795925
     619 0.0418959 0.00797844
     620 0.0416576 0.00799333
     621 0.0414859 0.00801838
     622 0.0413348 0.00804614
     623 0.0411952 0.00807144
     624 0.0411194 0.00809753
     625 0.0410582 0.00812189
     626 0.0410268 0.00815164
     627 0.0409673 0.00817562
     628 0.0409903 0.00821108
     629 0.0410254 0.00824470
     630 0.0410407 0.00827206
     631 0.0410710 0.00830273
     632 0.0410636 0.00833010
     633 0.0410372 0.00835778
     634 0.0410002 0.00838619
     635 0.0408993 0.00841430
     636 0.0407210 0.00843725
     637 0.0404850 0.00845669
     638 0.0401869 0.00847253
     639 0.0398966 0.00849124
     640 0.0395632 0.00850446
     641 0.0392297 0.00852411
     642 0.0388298 0.00853022
     643 0.0384353 0.00853884
     644 0.0380113 0.00854134
     645 0.0375983 0.00854393
     646 0.0371932 0.00854891
     647 0.0368290 0.00855758
     648 0.0364846 0.00855984
     649 0.0361721 0.00856420
     650 0.0358836 0.00856996
     651 0.0356428 0.00857889
     652 0.0353702 0.00856845
     653 0.0351884 0.00857114
     654 0.0350552 0.00858712
     655 0.0349072 0.00860797
     656 0.0347622 0.00863583
     657 0.0343773 0.00861687
     658 0.0340176 0.00860097
     659 0.0336295 0.00857107
     660 0.0332388 0.00855425
     661 0.0328428 0.00853135
     662 0.0324768 0.00850752
     663 0.0320972 0.00848062
     664 0.0317498 0.00845788
     665 0.0314300 0.00843059
     666 0.0311664 0.00840561
     667 0.0309289 0.00838837
     668 0.0307275 0.00837036
     669 0.0305509 0.00834858
     670 0.0304188 0.00833180
     671 0.0303587 0.00832259
     672 0.0303123 0.00831259
     673 0.0302941 0.00830893
     674 0.0302650 0.00829879
     675 0.0302775 0.00830180
     676 0.0303693 0.00831869
     677 0.0304633 0.00832231
     678 0.0305658 0.00832573
     679 0.0306983 0.00833419
     680 0.0309213 0.00836315
     681 0.0311525 0.00838779
     682 0.0314765 0.00842044
     683 0.0319151 0.00847214
     684 0.0323985 0.00852433
     685 0.0330545 0.00860136
     686 0.0339558 0.00869276
     687 0.0352568 0.00882551
     688 0.0366700 0.00895121
     689 0.0379241 0.00905239
     690 0.0393816 0.00914813
     691 0.0411657 0.00924168
     692 0.0432694 0.00934486
     693 0.0458413 0.00945944
     694 0.0487967 0.00956741
     695 0.0521071 0.00967978
     696 0.0557209 0.00979937
     697 0.0595995 0.00992972
     698 0.0637817 0.0100758
     699 0.0684044 0.0102566
     700 0.0733390 0.0104639
     701 0.0785488 0.0106993
     702 0.0838285 0.0109426
     703 0.0892288 0.0112089
     704 0.0948003 0.0115213
     705 0.100347 0.0118549
     706 0.106138 0.0122362
     707 0.112001 0.0126441
     708 0.118136 0.0131059
     709 0.124442 0.0136094
     710 0.130814 0.0141416
     711 0.137430 0.0147148
     712 0.144259 0.0153293
     713 0.151295 0.0159848
     714 0.158608 0.0166853
     715 0.165995 0.0174080
     716 0.173571 0.0181711
     717 0.181796 0.0190245
     718 0.190680 0.0199510
     719 0.200201 0.0209307
     720 0.209495 0.0218628
     721 0.218065 0.0227082
     722 0.226030 0.0235234
     723 0.234312 0.0243971
     724 0.243741 0.0254042
     725 0.253558 0.0264389
     726 0.262903 0.0274290
     727 0.271840 0.0283758
     728 0.280990 0.0293413
     729 0.290118 0.0303139
     730 0.298982 0.0312616
     731 0.307510 0.0321697
     732 0.315683 0.0330337
     733 0.323709 0.0338920
     734 0.331378 0.0347250
     735 0.338919 0.0355563
     736 0.346091 0.0363567
     737 0.353557 0.0371880
     738 0.360635 0.0379802
     739 0.366985 0.0386989
     740 0.373454 0.0394245
     741 0.379197 0.0400739
     742 0.384628 0.0406891
     743 0.390089 0.0413024
     744 0.394911 0.0418484
     745 0.399691 0.0423892
     746 0.404292 0.0429070
     747 0.408256 0.0433482
     748 0.411891 0.0437480
     749 0.415350 0.0441237
     750 0.418840 0.0444971
     751 0.421930 0.0448192
     752 0.424849 0.0451156
     753 0.427387 0.0453646
     754 0.429910 0.0456053
     755 0.432125 0.0458052
     756 0.434095 0.0459728
     757 0.436300 0.0461717
     758 0.438566 0.0464091
     759 0.441367 0.0467786
     760 0.445688 0.0473676
     761 0.450914 0.0479949
     762 0.452793 0.0480599
     763 0.452648 0.0478584
     764 0.451897 0.0476009
     765 0.451539 0.0473877
     766 0.451109 0.0471920
     767 0.451022 0.0470670
     768 0.451419 0.0470138
     769 0.451836 0.0469676
     770 0.452482 0.0469533
     771 0.453099 0.0469355
     772 0.454093 0.0469520
     773 0.454978 0.0469611
     774 0.455666 0.0469441
     775 0.456378 0.0469249
     776 0.457195 0.0469175
     777 0.457646 0.0468770
     778 0.458224 0.0468508
     779 0.459087 0.0468524
     780 0.459557 0.0468110
     781 0.460056 0.0467743
     782 0.460822 0.0467662
     783 0.461617 0.0467610
     784 0.462231 0.0467368
     785 0.462996 0.0467284
     786 0.463623 0.0467042
     787 0.464164 0.0466686
     788 0.464901 0.0466587
     789 0.465592 0.0466466
     790 0.466092 0.0466126
     791 0.466729 0.0465850
     792 0.467320 0.0465545
     793 0.467826 0.0465175
     794 0.468333 0.0464812
     795 0.469034 0.0464634
     796 0.469629 0.0464394
     797 0.470081 0.0464023
     798 0.470673 0.0463758
     799 0.471201 0.0463352
     800 0.471738 0.0463076
     801 0.472324 0.0462893
     802 0.472942 0.0462631
     803 0.473466 0.0462261
     804 0.474051 0.0461958
     805 0.474634 0.0461671
     806 0.475152 0.0461336
     807 0.475845 0.0461130
     808 0.476159 0.0460595
     809 0.476687 0.0460335
     810 0.477357 0.0460216
     811 0.477956 0.0460056
     812 0.478667 0.0460006
     813 0.479307 0.0459866
     814 0.479988 0.0459832
     815 0.480800 0.0459774
     816 0.481609 0.0459620
     817 0.481948 0.0459097
     818 0.482113 0.0458253
     819 0.482340 0.0457557
     820 0.482885 0.0457269
     821 0.483877 0.0457325
     822 0.484295 0.0456861
     823 0.484582 0.0456192
     824 0.485010 0.0455579
     825 0.485512 0.0455181
     826 0.486020 0.0454777
     827 0.486463 0.0454329
     828 0.486902 0.0453914
     829 0.487306 0.0453402
     830 0.487924 0.0452994
     831 0.488390 0.0452423
     832 0.488430 0.0451518
     833 0.488839 0.0450876
     834 0.489287 0.0450386
     835 0.489808 0.0450080
     836 0.490398 0.0449787
     837 0.490963 0.0449468
     838 0.491362 0.0448988
     839 0.491771 0.0448534
     840 0.492257 0.0448248
     841 0.492580 0.0447764
     842 0.493268 0.0447568
     843 0.493847 0.0447273
     844 0.494364 0.0446951
     845 0.495181 0.0446927
     846 0.495163 0.0446181
     847 0.495213 0.0445514
     848 0.495837 0.0445254
     849 0.496519 0.0445112
     850 0.497073 0.0444935
     851 0.497469 0.0444601
     852 0.497772 0.0444108
     853 0.498502 0.0443944
     854 0.499150 0.0443713
     855 0.499550 0.0443325
     856 0.499486 0.0442421
     857 0.499779 0.0441906
     858 0.500756 0.0442104
     859 0.501086 0.0441596
     860 0.501279 0.0441100
     861 0.501371 0.0440535
     862 0.502285 0.0440604
     863 0.502830 0.0440421
     864 0.503182 0.0440110
     865 0.503750 0.0439971
     866 0.503918 0.0439403
     867 0.504820 0.0439374
     868 0.505024 0.0438824
     869 0.505223 0.0438339
     870 0.505572 0.0437931
     871 0.506054 0.0437711
     872 0.506580 0.0437524
     873 0.507219 0.0437398
     874 0.507584 0.0437037
     875 0.507422 0.0436240
     876 0.507858 0.0436050
     877 0.508190 0.0435814
     878 0.508834 0.0435687
     879 0.509466 0.0435521
     880 0.509734 0.0435173
     881 0.510170 0.0434935
     882 0.510571 0.0434653
     883 0.511063 0.0434443
     884 0.511486 0.0434206
     885 0.511927 0.0433990
     886 0.512301 0.0433726
     887 0.512682 0.0433488
     888 0.513061 0.0433271
     889 0.513419 0.0433051
     890 0.513813 0.0432879
     891 0.514077 0.0432613
     892 0.514433 0.0432437
     893 0.514806 0.0432300
     894 0.515103 0.0432099
     895 0.515461 0.0431915
     896 0.515793 0.0431704
     897 0.516213 0.0431566
     898 0.516606 0.0431395
     899 0.516951 0.0431168
     900 0.517310 0.0430950
     901 0.517715 0.0430772
     902 0.518098 0.0430573
     903 0.518424 0.0430327
     904 0.518808 0.0430133
     905 0.519170 0.0429932
     906 0.519429 0.0429664
     907 0.519661 0.0429391
     908 0.519849 0.0429071
     909 0.520161 0.0428814
     910 0.520483 0.0428549
     911 0.520771 0.0428268
     912 0.520955 0.0427831
     913 0.521209 0.0427409
     914 0.521530 0.0427024
     915 0.521764 0.0426545
     916 0.521988 0.0426025
     917 0.522297 0.0425561
     918 0.522609 0.0425101
     919 0.522899 0.0424643
     920 0.522935 0.0424036
     921 0.523078 0.0423581
     922 0.523183 0.0423125
     923 0.523367 0.0422807
     924 0.523401 0.0422487
     925 0.523438 0.0422302
     926 0.523437 0.0422264
     927 0.523444 0.0422509
     928 0.523380 0.0423055
     929 0.523152 0.0423832
     930 0.522969 0.0424956
     931 0.522828 0.0426315
     932 0.522585 0.0427562
     933 0.522351 0.0428694
     934 0.522185 0.0429714
     935 0.521921 0.0430285
     936 0.521547 0.0430343
     937 0.521179 0.0429918
     938 0.520721 0.0428887
     939 0.520329 0.0427409
     940 0.520123 0.0425656
     941 0.519767 0.0423544
     942 0.519514 0.0421465
     943 0.519080 0.0419343
     944 0.518697 0.0417316
     945 0.518045 0.0415120
     946 0.517463 0.0413105
     947 0.516781 0.0411111
     948 0.516107 0.0409105
     949 0.515510 0.0407043
     950 0.514698 0.0404626
     951 0.513833 0.0402033
     952 0.512887 0.0399232
     953 0.511957 0.0396302
     954 0.511221 0.0393471
     955 0.510407 0.0390622
     956 0.509768 0.0387950
     957 0.509168 0.0385285
     958 0.508602 0.0382574
     959 0.508201 0.0380009
     960 0.507743 0.0377512
     961 0.507361 0.0375173
     962 0.506867 0.0372840
     963 0.506926 0.0371108
     964 0.506501 0.0369168
     965 0.506210 0.0367477
     966 0.506073 0.0366074
     967 0.505814 0.0364711
     968 0.505663 0.0363599
     969 0.505711 0.0362813
     970 0.505708 0.0362124
     971 0.505776 0.0361577
     972 0.506043 0.0361268
     973 0.506387 0.0361078
     974 0.506201 0.0360518
     975 0.506721 0.0360582
     976 0.507299 0.0360723
     977 0.507679 0.0360722
     978 0.507950 0.0360693
     979 0.508583 0.0360950
     980 0.508824 0.0360919
     981 0.509220 0.0361009
     982 0.509655 0.0361164
     983 0.510023 0.0361296
     984 0.510422 0.0361488
     985 0.511004 0.0361864
     986 0.511203 0.0361984
     987 0.511463 0.0362195
     988 0.511880 0.0362534
     989 0.512419 0.0362991
     990 0.512685 0.0363283
     991 0.513340 0.0363889
     992 0.513723 0.0364338
     993 0.514132 0.0364845
     994 0.514761 0.0365545
     995 0.515272 0.0366163
     996 0.515858 0.0366816
     997 0.516516 0.0367481
     998 0.516981 0.0367992
     999 0.517509 0.0368568
    1000 0.517972 0.0369096
    1001 0.518553 0.0369704
    1002 0.519128 0.0370303
    1003 0.519822 0.0370951
    1004 0.520484 0.0371535
    1005 0.520988 0.0371988
    1006 0.521627 0.0372557
    1007 0.522357 0.0373206
    1008 0.523117 0.0373883
    1009 0.523927 0.0374607
    1010 0.524689 0.0375317
    1011 0.525591 0.0376124
    1012 0.526455 0.0376888
    1013 0.527255 0.0377608
    1014 0.527863 0.0378200
    1015 0.528511 0.0378828
    1016 0.529200 0.0379511
    1017 0.529973 0.0380260
    1018 0.530629 0.0380913
    1019 0.531328 0.0381597
    1020 0.532019 0.0382275
    1021 0.532551 0.0382902
    1022 0.533554 0.0383846
    1023 0.533931 0.0384276
    1024 0.534673 0.0385030
    1025 0.535832 0.0386061
    1026 0.536843 0.0386985
    1027 0.537596 0.0387773
    1028 0.538403 0.0388547
    1029 0.539558 0.0389532
    1030 0.538978 0.0389248
    1031 0.539753 0.0390076
    1032 0.540570 0.0390934
    1033 0.541259 0.0391626
    1034 0.542128 0.0392432
    1035 0.542229 0.0392730
    1036 0.542831 0.0393333
    1037 0.543930 0.0394321
    1038 0.544283 0.0394867
    1039 0.544158 0.0394976
    1040 0.545571 0.0396108
    1041 0.545712 0.0396400
    1042 0.546207 0.0396954
    1043 0.547188 0.0397841
    1044 0.547750 0.0398466
    1045 0.548116 0.0398859
    1046 0.549131 0.0399619
    1047 0.549320 0.0399778
    1048 0.549931 0.0400276
    1049 0.550007 0.0400376
    1050 0.550120 0.0400503
    1051 0.550784 0.0401076
    1052 0.551469 0.0401617
    1053 0.552364 0.0402288
    1054 0.553099 0.0402784
    1055 0.553221 0.0402812
    1056 0.553634 0.0403087
    1057 0.553850 0.0403169
    1058 0.554348 0.0403444
    1059 0.554772 0.0403810
    1060 0.554994 0.0403991
    1061 0.555017 0.0403891
    1062 0.555184 0.0403812
    1063 0.555247 0.0403707
    1064 0.555631 0.0403732
    1065 0.556405 0.0404077
    1066 0.556773 0.0404306
    1067 0.557011 0.0404371
    1068 0.557271 0.0404417
    1069 0.557451 0.0404385
    1070 0.558106 0.0404608
    1071 0.558226 0.0404456
    1072 0.558294 0.0404230
    1073 0.558891 0.0404298
    1074 0.558986 0.0404063
    1075 0.558873 0.0403770
    1076 0.559023 0.0403570
    1077 0.559400 0.0403476
    1078 0.559563 0.0403277
    1079 0.559614 0.0402997
    1080 0.559863 0.0402821
    1081 0.559841 0.0402407
    1082 0.559669 0.0401929
    1083 0.559818 0.0401572
    1084 0.560073 0.0401223
    1085 0.560234 0.0400967
    1086 0.560526 0.0400884
    1087 0.560778 0.0400676
    1088 0.560047 0.0399631
    1089 0.559335 0.0398521
    1090 0.559423 0.0398017
    1091 0.559380 0.0397467
    1092 0.559302 0.0396947
    1093 0.559547 0.0396682
    1094 0.559491 0.0396138
    1095 0.559444 0.0395472
    1096 0.559440 0.0394769
    1097 0.559489 0.0394195
    1098 0.559486 0.0393685
    1099 0.559124 0.0392958
    1100 0.559008 0.0392361
    1101 0.559074 0.0391914
    1102 0.558785 0.0391167
    1103 0.558666 0.0390426
    1104 0.558582 0.0389781
    1105 0.558313 0.0389004
    1106 0.558335 0.0388390
    1107 0.558131 0.0387574
    1108 0.558087 0.0386976
    1109 0.558103 0.0386344
    1110 0.557766 0.0385417
    1111 0.557412 0.0384548
    1112 0.556991 0.0383580
    1113 0.556899 0.0382802
    1114 0.556737 0.0382175
    1115 0.556291 0.0381267
    1116 0.555678 0.0380049
    1117 0.555513 0.0379298
    1118 0.555026 0.0378283
    1119 0.554460 0.0377176
    1120 0.553926 0.0375960
    1121 0.553077 0.0374710
    1122 0.552485 0.0373397
    1123 0.551719 0.0371762
    1124 0.550643 0.0370034
    1125 0.549833 0.0368355
    1126 0.548949 0.0366618
    1127 0.547609 0.0364425
    1128 0.546188 0.0361793
    1129 0.544635 0.0359327
    1130 0.542737 0.0356893
    1131 0.540807 0.0354156
    1132 0.538752 0.0351321
    1133 0.537032 0.0348629
    1134 0.535116 0.0345623
    1135 0.533067 0.0342564
    1136 0.530826 0.0339401
    1137 0.528814 0.0336533
    1138 0.526698 0.0333494
    1139 0.524732 0.0330608
    1140 0.522459 0.0327837
    1141 0.519995 0.0324841
    1142 0.517556 0.0321620
    1143 0.514936 0.0318358
    1144 0.512345 0.0315165
    1145 0.509441 0.0311772
    1146 0.506536 0.0308587
    1147 0.503457 0.0305710
    1148 0.500324 0.0302888
    1149 0.497449 0.0300484
    1150 0.494726 0.0298213
    1151 0.492568 0.0296511
    1152 0.490389 0.0294703
    1153 0.488448 0.0293077
    1154 0.486822 0.0291602
    1155 0.485602 0.0290382
    1156 0.484620 0.0289300
    1157 0.483704 0.0288342
    1158 0.482822 0.0287413
    1159 0.481833 0.0286409
    1160 0.481187 0.0285542
    1161 0.480788 0.0284879
    1162 0.480258 0.0284215
    1163 0.479637 0.0283590
    1164 0.479136 0.0283164
    1165 0.478916 0.0282872
    1166 0.478623 0.0282590
    1167 0.478276 0.0282208
    1168 0.478038 0.0281833
    1169 0.477799 0.0281488
    1170 0.477381 0.0281110
    1171 0.477270 0.0280877
    1172 0.477091 0.0280666
    1173 0.476961 0.0280466
    1174 0.476775 0.0280167
    1175 0.476528 0.0279942
    1176 0.476352 0.0279754
    1177 0.476164 0.0279551
    1178 0.476019 0.0279397
    1179 0.476026 0.0279359
    1180 0.475695 0.0279088
    1181 0.475282 0.0278750
    1182 0.475022 0.0278559
    1183 0.474735 0.0278358
    1184 0.474720 0.0278336
    1185 0.474534 0.0278285
    1186 0.474383 0.0278200
    1187 0.474254 0.0278112
    1188 0.474187 0.0278072
    1189 0.474160 0.0277981
    1190 0.473884 0.0277787
    1191 0.473844 0.0277716
    1192 0.473775 0.0277555
    1193 0.473788 0.0277490
    1194 0.473996 0.0277579
    1195 0.473977 0.0277454
    1196 0.473970 0.0277299
    1197 0.474036 0.0277225
    1198 0.474073 0.0277026
    1199 0.474212 0.0277035
    1200 0.474449 0.0277233
    1201 0.474748 0.0277401
    1202 0.474943 0.0277529
    1203 0.475077 0.0277678
    1204 0.475374 0.0277812
    1205 0.475932 0.0278092
    1206 0.476083 0.0278212
    1207 0.476266 0.0278348
    1208 0.476555 0.0278510
    1209 0.476865 0.0278701
    1210 0.477525 0.0279057
    1211 0.478102 0.0279292
    1212 0.478301 0.0279373
    1213 0.478754 0.0279635
    1214 0.479266 0.0279928
    1215 0.479682 0.0280201
    1216 0.480378 0.0280584
    1217 0.480717 0.0280696
    1218 0.481197 0.0280951
    1219 0.481924 0.0281367
    1220 0.482407 0.0281650
    1221 0.482996 0.0281941
    1222 0.483528 0.0282245
    1223 0.484144 0.0282548
    1224 0.484733 0.0282763
    1225 0.485467 0.0283130
    1226 0.486048 0.0283462
    1227 0.486543 0.0283701
    1228 0.487173 0.0284006
    1229 0.487793 0.0284316
    1230 0.488345 0.0284563
    1231 0.488851 0.0284821
    1232 0.489426 0.0285149
    1233 0.490035 0.0285482
    1234 0.490443 0.0285747
    1235 0.490779 0.0285909
    1236 0.491216 0.0286060
    1237 0.491529 0.0286189
    1238 0.492143 0.0286516
    1239 0.492410 0.0286569
    1240 0.492574 0.0286615
    1241 0.493608 0.0287215
    1242 0.493929 0.0287355
    1243 0.494262 0.0287490
    1244 0.494807 0.0287753
    1245 0.495293 0.0287955
    1246 0.495841 0.0288231
    1247 0.496452 0.0288571
    1248 0.496743 0.0288694
    1249 0.497603 0.0289162
    1250 0.497985 0.0289337
    1251 0.498269 0.0289441
    1252 0.498803 0.0289666
    1253 0.499102 0.0289735
    1254 0.499652 0.0289953
    1255 0.500176 0.0290142
    1256 0.500113 0.0289952
    1257 0.500694 0.0290166
    1258 0.500835 0.0290133
    1259 0.501053 0.0290162
    1260 0.501507 0.0290347
    1261 0.501777 0.0290398
    1262 0.501996 0.0290407
    1263 0.502137 0.0290410
    1264 0.502367 0.0290420
    1265 0.502465 0.0290459
    1266 0.502895 0.0290844
    1267 0.502876 0.0290863
    1268 0.503160 0.0291100
    1269 0.503359 0.0291203
    1270 0.503360 0.0291033
    1271 0.503481 0.0291050
    1272 0.503559 0.0291134
    1273 0.503493 0.0291032
    1274 0.503393 0.0290895
    1275 0.503280 0.0290769
    1276 0.502690 0.0290316
    1277 0.502713 0.0290095
    1278 0.502545 0.0289879
    1279 0.502298 0.0289662
    1280 0.502093 0.0289469
    1281 0.501836 0.0289283
    1282 0.501252 0.0288869
    1283 0.501275 0.0288809
    1284 0.500942 0.0288534
    1285 0.500652 0.0288218
    1286 0.500296 0.0287948
    1287 0.499947 0.0287771
    1288 0.499404 0.0287409
    1289 0.498824 0.0287031
    1290 0.498470 0.0286775
    1291 0.497743 0.0286200
    1292 0.497298 0.0285880
    1293 0.496608 0.0285465
    1294 0.495817 0.0285052
    1295 0.495019 0.0284625
    1296 0.494214 0.0284256
    1297 0.493569 0.0283924
    1298 0.492507 0.0283332
    1299 0.491661 0.0282886
    1300 0.490600 0.0282279
    1301 0.489865 0.0281951
    1302 0.488859 0.0281546
    1303 0.487521 0.0280910
    1304 0.486482 0.0280502
    1305 0.485344 0.0280000
    1306 0.484160 0.0279378
    1307 0.482732 0.0278737
    1308 0.481284 0.0278144
    1309 0.479846 0.0277584
    1310 0.478421 0.0277148
    1311 0.476468 0.0276373
    1312 0.475360 0.0276072
    1313 0.473777 0.0275528
    1314 0.472059 0.0274944
    1315 0.470275 0.0274324
    1316 0.468496 0.0273793
    1317 0.466660 0.0273311
    1318 0.464574 0.0272657
    1319 0.462618 0.0272134
    1320 0.460827 0.0271685
    1321 0.459016 0.0271255
    1322 0.457066 0.0270680
    1323 0.455146 0.0270081
    1324 0.453223 0.0269526
    1325 0.451172 0.0268810
    1326 0.449005 0.0268167
    1327 0.447012 0.0267758
    1328 0.444834 0.0267273
    1329 0.442396 0.0266735
    1330 0.440070 0.0266311
    1331 0.437454 0.0265771
    1332 0.434862 0.0265302
    1333 0.432283 0.0264942
    1334 0.429785 0.0264541
    1335 0.427310 0.0264108
    1336 0.424715 0.0263583
    1337 0.422716 0.0263275
    1338 0.420780 0.0262849
    1339 0.419000 0.0262479
    1340 0.417300 0.0262126
    1341 0.415702 0.0261630
    1342 0.414196 0.0260963
    1343 0.412798 0.0260417
    1344 0.411422 0.0259495
    1345 0.410166 0.0259026
    1346 0.408834 0.0258969
    1347 0.407497 0.0258612
    1348 0.406537 0.0258605
    1349 0.405168 0.0258185
    1350 0.404260 0.0256555
    1351 0.402905 0.0255173
    1352 0.401877 0.0253916
    1353 0.400340 0.0252445
    1354 0.399233 0.0252355
    1355 0.400336 0.0259473
    1356 0.399956 0.0261603
    1357 0.399830 0.0265126
    1358 0.400075 0.0269030
    1359 0.400623 0.0275168
    1360 0.401515 0.0282613
    1361 0.402569 0.0293487
    1362 0.403556 0.0306437
    1363 0.404120 0.0322130
    1364 0.404261 0.0334362
    1365 0.403987 0.0348875
    1366 0.403052 0.0363201
    1367 0.401770 0.0379134
    1368 0.400174 0.0396285
    1369 0.398152 0.0414047
    1370 0.396095 0.0429212
    1371 0.393699 0.0435777
    1372 0.391213 0.0440245
    1373 0.388521 0.0441051
    1374 0.385818 0.0442237
    1375 0.383071 0.0447302
    1376 0.380574 0.0454118
    1377 0.378746 0.0453156
    1378 0.377185 0.0454294
    1379 0.375728 0.0450386
    1380 0.374293 0.0447798
    1381 0.372475 0.0444436
    1382 0.370624 0.0444445
    1383 0.369129 0.0447786
    1384 0.367477 0.0452607
    1385 0.365317 0.0453368
    1386 0.362610 0.0446162
    1387 0.358419 0.0435090
    1388 0.353015 0.0420316
    1389 0.346707 0.0404869
    1390 0.339534 0.0388173
    1391 0.331685 0.0372422
    1392 0.323367 0.0355967
    1393 0.314661 0.0341599
    1394 0.304908 0.0331990
    1395 0.294973 0.0325851
    1396 0.280201 0.0373740
    1397 0.272239 0.0359284
    1398 0.266581 0.0353744
    1399 0.259144 0.0379743
    1400 0.251077 0.0333525
    1401 0.242622 0.0286943
    1402 0.231716 0.0269486
    1403 0.222213 0.0274948
    1404 0.210508 0.0254892
    1405 0.200842 0.0251159
    1406 0.189238 0.0235789
    1407 0.179635 0.0237426
    1408 0.170509 0.0223593
    1409 0.161845 0.0202274
    1410 0.156555 0.0195031
    1411 0.152816 0.0188839
    1412 0.149074 0.0188277
    1413 0.146830 0.0194920
    1414 0.143624 0.0195230
    1415 0.140244 0.0194707
    1416 0.137341 0.0194003
    1417 0.134632 0.0192689
    1418 0.132124 0.0191333
    1419 0.130060 0.0189928
    1420 0.128036 0.0189009
    1421 0.126209 0.0187817
    1422 0.124616 0.0187107
    1423 0.123119 0.0186734
    1424 0.121896 0.0186204
    1425 0.120853 0.0185884
    1426 0.119763 0.0184774
    1427 0.118892 0.0184039
    1428 0.118151 0.0183578
    1429 0.117451 0.0183639
    1430 0.116751 0.0183922
    1431 0.116177 0.0183595
    1432 0.115733 0.0183293
    1433 0.115232 0.0183272
    1434 0.114755 0.0183111
    1435 0.114222 0.0182656
    1436 0.113620 0.0182353
    1437 0.113030 0.0182040
    1438 0.112547 0.0180972
    1439 0.112026 0.0181067
    1440 0.111556 0.0182362
    1441 0.111229 0.0182833
    1442 0.110907 0.0183331
    1443 0.110578 0.0183336
    1444 0.110286 0.0182602
    1445 0.109987 0.0182336
    1446 0.109767 0.0182276
    1447 0.109646 0.0182335
    1448 0.109536 0.0182497
    1449 0.109461 0.0182587
    1450 0.109405 0.0182657
    1451 0.109359 0.0182685
    1452 0.109339 0.0182591
    1453 0.109362 0.0182817
    1454 0.109357 0.0182930
    1455 0.109384 0.0182846
    1456 0.109420 0.0182900
    1457 0.109498 0.0183134
    1458 0.109550 0.0183147
    1459 0.109645 0.0183196
    1460 0.109797 0.0183288
    1461 0.109901 0.0183224
    1462 0.110047 0.0183102
    1463 0.110283 0.0183013
    1464 0.110568 0.0183032
    1465 0.110980 0.0183046
    1466 0.111442 0.0183185
    1467 0.112018 0.0183592
    1468 0.112663 0.0183968
    1469 0.113460 0.0184537
    1470 0.114266 0.0185053
    1471 0.115141 0.0185742
    1472 0.116058 0.0186355
    1473 0.116889 0.0186842
    1474 0.117743 0.0187300
    1475 0.118543 0.0187610
    1476 0.119428 0.0188166
    1477 0.120268 0.0188878
    1478 0.121184 0.0189399
    1479 0.122063 0.0189734
    1480 0.123044 0.0190301
    1481 0.124068 0.0190952
    1482 0.125115 0.0191501
    1483 0.126168 0.0192101
    1484 0.127267 0.0192789
    1485 0.128340 0.0193429
    1486 0.129431 0.0193791
    1487 0.130504 0.0194302
    1488 0.131506 0.0194906
    1489 0.132520 0.0195378
    1490 0.133588 0.0195975
    1491 0.134657 0.0196510
    1492 0.135692 0.0196953
    1493 0.136667 0.0197363
    1494 0.137730 0.0197904
    1495 0.138742 0.0198360
    1496 0.139741 0.0198820
    1497 0.140779 0.0199269
    1498 0.141857 0.0199708
    1499 0.142973 0.0200175
    1500 0.144119 0.0200590
    1501 0.145238 0.0201030
    1502 0.146446 0.0201577
    1503 0.147694 0.0202169
    1504 0.148869 0.0202679
    1505 0.150119 0.0203238
    1506 0.151383 0.0203784
    1507 0.152636 0.0204291
    1508 0.153943 0.0204850
    1509 0.155212 0.0205348
    1510 0.156432 0.0205742
    1511 0.157702 0.0206212
    1512 0.159009 0.0206717
    1513 0.160257 0.0207147
    1514 0.161544 0.0207645
    1515 0.162813 0.0208069
    1516 0.164072 0.0208412
    1517 0.165331 0.0208796
    1518 0.166639 0.0209235
    1519 0.168002 0.0209738
    1520 0.169388 0.0210292
    1521 0.170597 0.0210621
    1522 0.171817 0.0210914
    1523 0.173177 0.0211343
    1524 0.174483 0.0211759
    1525 0.175935 0.0212335
    1526 0.177257 0.0212775
    1527 0.178612 0.0213279
    1528 0.179828 0.0213536
    1529 0.181039 0.0213737
    1530 0.182368 0.0214093
    1531 0.183669 0.0214378
    1532 0.184839 0.0214503
    1533 0.186275 0.0214915
    1534 0.187478 0.0215089
    1535 0.188733 0.0215309
    1536 0.190022 0.0215581
    1537 0.191329 0.0215921
    1538 0.192585 0.0216150
    1539 0.193861 0.0216355
    1540 0.195047 0.0216482
    1541 0.196403 0.0216772
    1542 0.197628 0.0216965
    1543 0.198835 0.0217191
    1544 0.200080 0.0217407
    1545 0.201376 0.0217681
    1546 0.202466 0.0217716
    1547 0.203817 0.0217957
    1548 0.205167 0.0218251
    1549 0.206214 0.0218239
    1550 0.207446 0.0218438
    1551 0.208584 0.0218574
    1552 0.209832 0.0218810
    1553 0.211092 0.0219049
    1554 0.212060 0.0219002
    1555 0.213401 0.0219329
    1556 0.214619 0.0219549
    1557 0.215748 0.0219705
    1558 0.216963 0.0219949
    1559 0.218064 0.0220101
    1560 0.219257 0.0220319
    1561 0.220404 0.0220451
    1562 0.221631 0.0220694
    1563 0.222652 0.0220699
    1564 0.223805 0.0220872
    1565 0.224878 0.0220989
    1566 0.225806 0.0220993
    1567 0.226916 0.0221180
    1568 0.227949 0.0221274
    1569 0.228986 0.0221371
    1570 0.230047 0.0221479
    1571 0.231130 0.0221632
    1572 0.232227 0.0221838
    1573 0.233206 0.0221958
    1574 0.234357 0.0222218
    1575 0.235414 0.0222320
    1576 0.236540 0.0222433
    1577 0.237595 0.0222533
    1578 0.238552 0.0222495
    1579 0.239519 0.0222608
    1580 0.240647 0.0222989
    1581 0.241679 0.0223226
    1582 0.242595 0.0223410
    1583 0.243448 0.0223504
    1584 0.244439 0.0223663
    1585 0.245484 0.0223987
    1586 0.246457 0.0224321
    1587 0.247470 0.0224630
    1588 0.248357 0.0224851
    1589 0.249225 0.0225032
    1590 0.250275 0.0225293
    1591 0.251173 0.0225520
    1592 0.252043 0.0225765
    1593 0.252878 0.0226003
    1594 0.253867 0.0226452
    1595 0.254657 0.0226654
    1596 0.255758 0.0227113
    1597 0.256598 0.0227350
    1598 0.257425 0.0227511
    1599 0.258375 0.0227861
    1600 0.259179 0.0228151
    1601 0.260015 0.0228440
    1602 0.260804 0.0228720
    1603 0.261900 0.0229239
    1604 0.262862 0.0229607
    1605 0.263627 0.0229836
    1606 0.264630 0.0230265
    1607 0.265294 0.0230449
    1608 0.266135 0.0230856
    1609 0.266897 0.0231157
    1610 0.267911 0.0231677
    1611 0.268691 0.0232019
    1612 0.269527 0.0232441
    1613 0.270208 0.0232672
    1614 0.270909 0.0232896
    1615 0.271741 0.0233273
    1616 0.272500 0.0233532
    1617 0.273147 0.0233765
    1618 0.273806 0.0234107
    1619 0.274421 0.0234379
    1620 0.275204 0.0234808
    1621 0.275773 0.0235027
    1622 0.276728 0.0235566
    1623 0.277146 0.0235633
    1624 0.277792 0.0235867
    1625 0.278523 0.0236176
    1626 0.279233 0.0236460
    1627 0.279643 0.0236486
    1628 0.280376 0.0236757
    1629 0.281030 0.0236990
    1630 0.281704 0.0237272
    1631 0.282265 0.0237424
    1632 0.282774 0.0237504
    1633 0.283266 0.0237609
    1634 0.283955 0.0237832
    1635 0.284480 0.0237987
    1636 0.285108 0.0238380
    1637 0.285596 0.0238538
    1638 0.286244 0.0238753
    1639 0.286761 0.0238914
    1640 0.287199 0.0238978
    1641 0.287760 0.0239139
    1642 0.288305 0.0239386
    1643 0.288771 0.0239489
    1644 0.289123 0.0239370
    1645 0.289495 0.0239331
    1646 0.289973 0.0239349
    1647 0.290355 0.0239355
    1648 0.290682 0.0239419
    1649 0.291138 0.0239579
    1650 0.291554 0.0239638
    1651 0.291880 0.0239625
    1652 0.292071 0.0239479
    1653 0.292406 0.0239364
    1654 0.292705 0.0239329
    1655 0.292785 0.0239167
    1656 0.293122 0.0239215
    1657 0.293396 0.0239260
    1658 0.293482 0.0239066
    1659 0.293642 0.0238942
    1660 0.293608 0.0238554
    1661 0.293693 0.0238121
    1662 0.293914 0.0238006
    1663 0.293940 0.0237766
    1664 0.294109 0.0237641
    1665 0.294218 0.0237599
    1666 0.294195 0.0237327
    1667 0.294189 0.0236962
    1668 0.294207 0.0236727
    1669 0.294156 0.0236465
    1670 0.294307 0.0236409
    1671 0.294281 0.0236254
    1672 0.294116 0.0235992
    1673 0.293891 0.0235734
    1674 0.293800 0.0235549
    1675 0.293762 0.0235426
    1676 0.293607 0.0235136
    1677 0.293254 0.0234639
    1678 0.293180 0.0234404
    1679 0.292884 0.0233942
    1680 0.292455 0.0233469
    1681 0.292308 0.0233304
    1682 0.292147 0.0233055
    1683 0.291667 0.0232554
    1684 0.291484 0.0232294
    1685 0.291320 0.0232021
    1686 0.290912 0.0231566
    1687 0.290322 0.0230965
    1688 0.289865 0.0230531
    1689 0.289597 0.0230259
    1690 0.289276 0.0229960
    1691 0.288785 0.0229622
    1692 0.288382 0.0229239
    1693 0.287988 0.0228786
    1694 0.287499 0.0228325
    1695 0.287174 0.0227955
    1696 0.286956 0.0227784
    1697 0.286371 0.0227408
    1698 0.286030 0.0227183
    1699 0.285527 0.0226914
    1700 0.285141 0.0226595
    1701 0.284609 0.0226075
    1702 0.284078 0.0225626
    1703 0.283801 0.0225323
    1704 0.283469 0.0225041
    1705 0.282746 0.0224508
    1706 0.282338 0.0224232
    1707 0.281809 0.0223900
    1708 0.281297 0.0223519
    1709 0.280795 0.0223135
    1710 0.280256 0.0222755
    1711 0.279759 0.0222349
    1712 0.279292 0.0222055
    1713 0.278669 0.0221643
    1714 0.278232 0.0221208
    1715 0.277687 0.0220693
    1716 0.277154 0.0220161
    1717 0.276484 0.0219574
    1718 0.275884 0.0219180
    1719 0.275239 0.0218848
    1720 0.274599 0.0218518
    1721 0.274044 0.0218245
    1722 0.273482 0.0218070
    1723 0.272893 0.0217811
    1724 0.272205 0.0217513
    1725 0.271388 0.0217222
    1726 0.270497 0.0216762
    1727 0.269699 0.0216493
    1728 0.268941 0.0216480
    1729 0.268414 0.0216608
    1730 0.267672 0.0216605
    1731 0.267125 0.0216790
    1732 0.266898 0.0217020
    1733 0.266574 0.0217348
    1734 0.266282 0.0217823
    1735 0.265923 0.0218088
    1736 0.265609 0.0218639
    1737 0.264948 0.0218956
    1738 0.264318 0.0219178
    1739 0.263807 0.0219688
    1740 0.263137 0.0220018
    1741 0.262437 0.0220077
    1742 0.261811 0.0220251
    1743 0.260965 0.0220354
    1744 0.260155 0.0220418
    1745 0.259566 0.0220661
    1746 0.258940 0.0220953
    1747 0.258147 0.0220995
    1748 0.257403 0.0220981
    1749 0.256459 0.0220835
    1750 0.255633 0.0220720
    1751 0.254910 0.0220660
    1752 0.254118 0.0220522
    1753 0.253266 0.0220381
    1754 0.252498 0.0220343
    1755 0.251707 0.0220145
    1756 0.250861 0.0220001
    1757 0.250019 0.0219860
    1758 0.249333 0.0219880
    1759 0.248469 0.0219754
    1760 0.247529 0.0219581
    1761 0.246748 0.0219510
    1762 0.245887 0.0219348
    1763 0.245097 0.0219221
    1764 0.244444 0.0219176
    1765 0.243616 0.0219039
    1766 0.242998 0.0219165
    1767 0.242561 0.0219375
    1768 0.242006 0.0219405
    1769 0.241556 0.0219609
    1770 0.241022 0.0219732
    1771 0.240533 0.0219848
    1772 0.240053 0.0220085
    1773 0.239477 0.0220129
    1774 0.238938 0.0220195
    1775 0.238385 0.0219995
    1776 0.237878 0.0219558
    1777 0.237502 0.0219490
    1778 0.237324 0.0219364
    1779 0.237112 0.0219533
    1780 0.236499 0.0219813
    1781 0.236222 0.0220001
    1782 0.236128 0.0220239
    1783 0.235781 0.0220217
    1784 0.235542 0.0220186
    1785 0.235536 0.0220390
    1786 0.235466 0.0220509
    1787 0.235309 0.0220401
    1788 0.235213 0.0220216
    1789 0.235148 0.0219723
    1790 0.235156 0.0219783
    1791 0.235357 0.0220435
    1792 0.235448 0.0220720
    1793 0.235662 0.0221142
    1794 0.235923 0.0221460
    1795 0.236157 0.0220965
    1796 0.236453 0.0220463
    1797 0.236697 0.0220538
    1798 0.236901 0.0220393
    1799 0.237265 0.0220624
    1800 0.237817 0.0221286
    1801 0.237817 0.0221286
    1802 0.238341 0.0222308
    1803 0.238844 0.0223247
    1804 0.239291 0.0223586
    1805 0.240154 0.0224938
    1806 0.240841 0.0225232
    1807 0.241689 0.0225593
    1808 0.242685 0.0226155
    1809 0.243836 0.0226794
    1810 0.245156 0.0227614
    1811 0.246676 0.0229024
    1812 0.248408 0.0230880
    1813 0.250443 0.0233678
    1814 0.252797 0.0238285
    1815 0.255592 0.0244442
    1816 0.258944 0.0252314
    1817 0.262799 0.0258734
    1818 0.267253 0.0267830
    1819 0.272246 0.0279090
    1820 0.278071 0.0296472
    1821 0.284744 0.0326658
    1822 0.292632 0.0368810
    1823 0.302057 0.0406496
    1824 0.313413 0.0449437
    1825 0.327280 0.0493619
    1826 0.344012 0.0545670
    1827 0.364703 0.0624451
    1828 0.390931 0.0722002
    1829 0.421104 0.0840692
    1830 0.451472 0.0957534
    1831 0.483390 0.107951
    1832 0.512766 0.116003
    1833 0.541632 0.124271
    1834 0.569307 0.135207
    1835 0.597725 0.146658
    1836 0.626912 0.154922
    1837 0.653467 0.161254
    1838 0.676693 0.165886
    1839 0.692687 0.170068
    1840 0.704895 0.173771
    1841 0.717156 0.178264
    1842 0.727298 0.183340
    1843 0.739441 0.185998
    1844 0.750710 0.189346
    1845 0.762993 0.190807
    1846 0.768950 0.189299
    1847 0.768941 0.190964
    1848 0.768011 0.192557
    1849 0.765041 0.193481
    1850 0.762150 0.191835
    1851 0.758593 0.189162
    1852 0.756700 0.179239
    1853 0.754428 0.172424
    1854 0.752079 0.170175
    1855 0.749505 0.169580
    1856 0.744881 0.171160
    1857 0.741805 0.174624
    1858 0.741732 0.176351
    1859 0.742540 0.177524
    1860 0.744275 0.178824
    1861 0.747761 0.176129
    1862 0.751131 0.173909
    1863 0.750763 0.174629
    1864 0.750011 0.176601
    1865 0.748661 0.177201
    1866 0.747760 0.176640
    1867 0.748312 0.175991
    1868 0.748697 0.172693
    1869 0.746498 0.169273
    1870 0.742208 0.168310
    1871 0.737216 0.169489
    1872 0.734069 0.171686
    1873 0.730839 0.175592
    1874 0.727413 0.179295
    1875 0.723996 0.181749
    1876 0.721373 0.185138
    1877 0.717514 0.188098
    1878 0.713698 0.188622
    1879 0.712641 0.185093
    1880 0.708685 0.180865
    1881 0.702724 0.178000
    1882 0.695872 0.175576
    1883 0.684543 0.171903
    1884 0.671033 0.169499
    1885 0.657977 0.169040
    1886 0.644779 0.166982
    1887 0.630305 0.163693
    1888 0.616864 0.159949
    1889 0.604187 0.154443
    1890 0.591747 0.152392
    1891 0.584609 0.152570
    1892 0.583098 0.154018
    1893 0.584888 0.157680
    1894 0.588999 0.160063
    1895 0.594984 0.162431
    1896 0.600568 0.163282
    1897 0.605008 0.164504
    1898 0.610806 0.165269
    1899 0.619043 0.167280
    1900 0.629233 0.170861
    1901 0.640184 0.172620
    1902 0.650058 0.173494
    1903 0.655052 0.173433
    1904 0.655307 0.171016
    1905 0.652975 0.168377
    1906 0.649788 0.164939
    1907 0.644615 0.162540
    1908 0.636817 0.159644
    1909 0.625650 0.156755
    1910 0.606358 0.154477
    1911 0.578708 0.150296
    1912 0.546142 0.144886
    1913 0.511103 0.139372
    1914 0.476054 0.133135
    1915 0.440658 0.127687
    1916 0.404974 0.121477
    1917 0.368190 0.113154
    1918 0.333324 0.103271
    1919 0.301387 0.0931195
    1920 0.271287 0.0812471
    1921 0.245575 0.0700752
    1922 0.223021 0.0612952
    1923 0.201926 0.0545261
    1924 0.183249 0.0485550
    1925 0.166458 0.0432969
    1926 0.151720 0.0392347
    1927 0.138517 0.0360749
    1928 0.126803 0.0333210
    1929 0.115751 0.0311110
    1930 0.105413 0.0287923
    1931 0.0955661 0.0261501
    1932 0.0865825 0.0234254
    1933 0.0787155 0.0209402
    1934 0.0721920 0.0187457
    1935 0.0660850 0.0172292
    1936 0.0566770 0.0173916
    1937 0.0530745 0.0151937
    1938 0.0497679 0.0144551
    1939 0.0467520 0.0136840
    1940 0.0445883 0.0129404
    1941 0.0428364 0.0132949
    1942 0.0411288 0.0134814
    1943 0.0405078 0.0133647
    1944 0.0398539 0.0132051
    1945 0.0391916 0.0130007
    1946 0.0388556 0.0126251
    1947 0.0387747 0.0124611
    1948 0.0380912 0.0123250
    1949 0.0377259 0.0123184
    1950 0.0377985 0.0123163
    1951 0.0377141 0.0123240
    1952 0.0378623 0.0124035
    1953 0.0380643 0.0123733
    1954 0.0381775 0.0124363
    1955 0.0383958 0.0123919
    1956 0.0382902 0.0123318
    1957 0.0381399 0.0122967
    1958 0.0381528 0.0123551
    1959 0.0380590 0.0123654
    1960 0.0377891 0.0124691
    1961 0.0377664 0.0125941
    1962 0.0377149 0.0126108
    1963 0.0376578 0.0126128
    1964 0.0376199 0.0125814
    1965 0.0377694 0.0126335
    1966 0.0378615 0.0127166
    1967 0.0380030 0.0127825
    1968 0.0382178 0.0129103
    1969 0.0383419 0.0129617
    1970 0.0385952 0.0129917
    1971 0.0387589 0.0130337
    1972 0.0390524 0.0131115
    1973 0.0392993 0.0131930
    1974 0.0395805 0.0132955
    1975 0.0399345 0.0134043
    1976 0.0401938 0.0134652
    1977 0.0405680 0.0135307
    1978 0.0408450 0.0135416
    1979 0.0412423 0.0135761
    1980 0.0416354 0.0136260
    1981 0.0420187 0.0136698
    1982 0.0423527 0.0137136
    1983 0.0426526 0.0137694
    1984 0.0431277 0.0138513
    1985 0.0435379 0.0139109
    1986 0.0439005 0.0139609
    1987 0.0442790 0.0139867
    1988 0.0447334 0.0140419
    1989 0.0450913 0.0140941
    1990 0.0455403 0.0141425
    1991 0.0458340 0.0141683
    1992 0.0461413 0.0142048
    1993 0.0465587 0.0142696
    1994 0.0468962 0.0143199
    1995 0.0472066 0.0143633
    1996 0.0476551 0.0144590
    1997 0.0481333 0.0145328
    1998 0.0482028 0.0144814
    1999 0.0489619 0.0145706
    2000 0.0496285 0.0146292
    2001 0.0503758 0.0146683
    2002 0.0512273 0.0147557
    2003 0.0521025 0.0148100
    2004 0.0530385 0.0149030
    2005 0.0538633 0.0150321
    2006 0.0545183 0.0150814
    2007 0.0555803 0.0152863
    2008 0.0566449 0.0154239
    2009 0.0572558 0.0153818
    2010 0.0577145 0.0153537
    2011 0.0581470 0.0153074
    2012 0.0584433 0.0153068
    2013 0.0589171 0.0154068
    2014 0.0594931 0.0155465
    2015 0.0599596 0.0156528
    2016 0.0605353 0.0157999
    2017 0.0610525 0.0158966
    2018 0.0612865 0.0159136
    2019 0.0617306 0.0159674
    2020 0.0620173 0.0159915
    2021 0.0623608 0.0160085
    2022 0.0627706 0.0160256
    2023 0.0632696 0.0160812
    2024 0.0634889 0.0160846
    2025 0.0637972 0.0160955
    2026 0.0639883 0.0160896
    2027 0.0643740 0.0161142
    2028 0.0649182 0.0161380
    2029 0.0652664 0.0161427
    2030 0.0656248 0.0161557
    2031 0.0661923 0.0162046
    2032 0.0666175 0.0162394
    2033 0.0666186 0.0162025
    2034 0.0665485 0.0161369
    2035 0.0671453 0.0162071
    2036 0.0677688 0.0162766
    2037 0.0680960 0.0162842
    2038 0.0684817 0.0162948
    2039 0.0688218 0.0162812
    2040 0.0690294 0.0162411
    2041 0.0694827 0.0162614
    2042 0.0700223 0.0162658
    2043 0.0703644 0.0162409
    2044 0.0707257 0.0162492
    2045 0.0710293 0.0162426
    2046 0.0713589 0.0162536
    2047 0.0717379 0.0162579
    2048 0.0721414 0.0162714
    2049 0.0725548 0.0162652
    2050 0.0730309 0.0162361
    2051 0.0735939 0.0162380
    2052 0.0740357 0.0162228
    2053 0.0744651 0.0161990
    2054 0.0750322 0.0162057
    2055 0.0756885 0.0162300
    2056 0.0762958 0.0162323
    2057 0.0767750 0.0161957
    2058 0.0772387 0.0161743
    2059 0.0775257 0.0161271
    2060 0.0779882 0.0161185
    2061 0.0784859 0.0161330
    2062 0.0789607 0.0161342
    2063 0.0793538 0.0161225
    2064 0.0798543 0.0161282
    2065 0.0803415 0.0161376
    2066 0.0808880 0.0161454
    2067 0.0814133 0.0161478
    2068 0.0819079 0.0161413
    2069 0.0823742 0.0161111
    2070 0.0828800 0.0161176
    2071 0.0835059 0.0161442
    2072 0.0839840 0.0161197
    2073 0.0844156 0.0160993
    2074 0.0848408 0.0160778
    2075 0.0853294 0.0160700
    2076 0.0857918 0.0160596
    2077 0.0861780 0.0160403
    2078 0.0866830 0.0160284
    2079 0.0871897 0.0160457
    2080 0.0876103 0.0160716
    2081 0.0881513 0.0161004
    2082 0.0887271 0.0161578
    2083 0.0890670 0.0161488
    2084 0.0894765 0.0161146
    2085 0.0900184 0.0161141
    2086 0.0904732 0.0160969
    2087 0.0910764 0.0160951
    2088 0.0916712 0.0161040
    2089 0.0920480 0.0160860
    2090 0.0924177 0.0160691
    2091 0.0928760 0.0160749
    2092 0.0931997 0.0160506
    2093 0.0937012 0.0160510
    2094 0.0941725 0.0160448
    2095 0.0946646 0.0160214
    2096 0.0951825 0.0160291
    2097 0.0957361 0.0160676
    2098 0.0963414 0.0160906
    2099 0.0968572 0.0161064
    2100 0.0971850 0.0160898
    2101 0.0976292 0.0160720
    2102 0.0982736 0.0160790
    2103 0.0986336 0.0160776
    2104 0.0990819 0.0160720
    2105 0.0994974 0.0160591
    2106 0.0999524 0.0160481
    2107 0.100541 0.0160596
    2108 0.100860 0.0160272
    2109 0.101306 0.0160204
    2110 0.101778 0.0160243
    2111 0.102307 0.0160343
    2112 0.102850 0.0160401
    2113 0.103509 0.0160740
    2114 0.103927 0.0160939
    2115 0.103993 0.0160518
    2116 0.104204 0.0160225
    2117 0.104790 0.0160494
    2118 0.105406 0.0160718
    2119 0.105878 0.0160820
    2120 0.106352 0.0160966
    2121 0.106785 0.0161263
    2122 0.107279 0.0161514
    2123 0.107462 0.0161352
    2124 0.107895 0.0161456
    2125 0.108616 0.0161848
    2126 0.108869 0.0161770
    2127 0.109203 0.0161813
    2128 0.109544 0.0161901
    2129 0.109977 0.0162284
    2130 0.110364 0.0162434
    2131 0.110432 0.0162079
    2132 0.110487 0.0161739
    2133 0.110668 0.0161470
    2134 0.111510 0.0162097
    2135 0.112628 0.0163086
    2136 0.113331 0.0163585
    2137 0.113599 0.0163537
    2138 0.113686 0.0163329
    2139 0.113793 0.0163267
    2140 0.114184 0.0163695
    2141 0.114223 0.0163487
    2142 0.114506 0.0163602
    2143 0.114825 0.0163740
    2144 0.114836 0.0163354
    2145 0.115067 0.0163324
    2146 0.115488 0.0163636
    2147 0.116042 0.0164020
    2148 0.116332 0.0163935
    2149 0.116583 0.0163948
    2150 0.116514 0.0163646
    2151 0.116650 0.0163610
    2152 0.116756 0.0163647
    2153 0.117291 0.0164148
    2154 0.117420 0.0164102
    2155 0.117752 0.0164374
    2156 0.118147 0.0164715
    2157 0.118287 0.0164838
    2158 0.118550 0.0165116
    2159 0.118626 0.0165301
    2160 0.118717 0.0165328
    2161 0.119057 0.0165608
    2162 0.119375 0.0165811
    2163 0.119708 0.0165832
    2164 0.119746 0.0165795
    2165 0.119936 0.0166123
    2166 0.119785 0.0165866
    2167 0.120027 0.0166189
    2168 0.120175 0.0166258
    2169 0.120379 0.0166171
    2170 0.120696 0.0166306
    2171 0.121090 0.0166467
    2172 0.121274 0.0166520
    2173 0.121614 0.0166804
    2174 0.121966 0.0167140
    2175 0.122121 0.0167370
    2176 0.121810 0.0167103
    2177 0.122054 0.0167333
    2178 0.122069 0.0167186
    2179 0.122401 0.0167522
    2180 0.123295 0.0168524
    2181 0.123586 0.0168766
    2182 0.123661 0.0168840
    2183 0.123860 0.0168871
    2184 0.124002 0.0168656
    2185 0.123892 0.0168249
    2186 0.124593 0.0168685
    2187 0.124425 0.0168323
    2188 0.124352 0.0168214
    2189 0.124667 0.0168503
    2190 0.124766 0.0168720
    2191 0.125152 0.0169066
    2192 0.125325 0.0168994
    2193 0.125384 0.0168880
    2194 0.125448 0.0168605
    2195 0.125903 0.0169017
    2196 0.126010 0.0169263
    2197 0.126058 0.0169354
    2198 0.126113 0.0169541
    2199 0.126258 0.0169693
    2200 0.126203 0.0169419
    2201 0.126336 0.0169042
    2202 0.126473 0.0169051
    2203 0.126976 0.0169424
    2204 0.126714 0.0169140
    2205 0.126677 0.0169569
    2206 0.126872 0.0169806
    2207 0.127463 0.0170428
    2208 0.127771 0.0170618
    2209 0.127831 0.0170173
    2210 0.127066 0.0169051
    2211 0.127226 0.0168971
    2212 0.127893 0.0169645
    2213 0.127701 0.0169589
    2214 0.127351 0.0169227
    2215 0.126998 0.0168952
    2216 0.127151 0.0169190
    2217 0.127591 0.0169683
    2218 0.127532 0.0169558
    2219 0.126802 0.0168669
    2220 0.126632 0.0168280
    2221 0.126980 0.0168413
    2222 0.127330 0.0168783
    2223 0.126829 0.0168370
    2224 0.126581 0.0168113
    2225 0.126477 0.0167797
    2226 0.126441 0.0167432
    2227 0.126033 0.0166723
    2228 0.125585 0.0165722
    2229 0.125566 0.0165451
    2230 0.125023 0.0164888
    2231 0.124959 0.0164633
    2232 0.124360 0.0163600
    2233 0.124242 0.0163305
    2234 0.124235 0.0163147
    2235 0.123494 0.0162246
    2236 0.123428 0.0162531
    2237 0.123044 0.0161881
    2238 0.122699 0.0160875
    2239 0.121210 0.0158839
    2240 0.121018 0.0157688
    2241 0.120294 0.0156585
    2242 0.120507 0.0157263
    2243 0.118754 0.0155397
    2244 0.118501 0.0155367
    2245 0.118462 0.0155273
    2246 0.117599 0.0153894
    2247 0.117230 0.0153005
    2248 0.116706 0.0152194
    2249 0.116236 0.0151561
    2250 0.116018 0.0151338
    2251 0.115640 0.0150838
    2252 0.114803 0.0149842
    2253 0.113952 0.0149271
    2254 0.114384 0.0149834
    2255 0.113909 0.0149640
    2256 0.113097 0.0148703
    2257 0.112557 0.0147654
    2258 0.111826 0.0146763
    2259 0.111445 0.0146218
    2260 0.111177 0.0146035
    2261 0.110663 0.0146033
    2262 0.109978 0.0145402
    2263 0.110202 0.0145528
    2264 0.109966 0.0145326
    2265 0.109467 0.0144687
    2266 0.108950 0.0144134
    2267 0.108777 0.0144168
    2268 0.108255 0.0143782
    2269 0.108403 0.0143942
    2270 0.107354 0.0143049
    2271 0.106901 0.0143147
    2272 0.106852 0.0143329
    2273 0.106296 0.0142738
    2274 0.106280 0.0142981
    2275 0.105396 0.0142348
    2276 0.105076 0.0142080
    2277 0.105111 0.0142516
    2278 0.104268 0.0142105
    2279 0.104323 0.0142493
    2280 0.103893 0.0142506
    2281 0.103845 0.0142959
    2282 0.103966 0.0143615
    2283 0.103157 0.0143039
    2284 0.102568 0.0142737
    2285 0.102747 0.0143323
    2286 0.102450 0.0143351
    2287 0.101740 0.0143062
    2288 0.101648 0.0143680
    2289 0.101082 0.0143358
    2290 0.100597 0.0143040
    2291 0.100429 0.0143004
    2292 0.0999109 0.0142246
    2293 0.0996805 0.0142278
    2294 0.0985673 0.0141625
    2295 0.0981364 0.0141391
    2296 0.0978664 0.0141279
    2297 0.0973313 0.0140927
    2298 0.0973259 0.0141085
    2299 0.0966356 0.0140352
    2300 0.0956628 0.0139261
    2301 0.0953620 0.0139004
    2302 0.0955418 0.0139177
    2303 0.0945782 0.0138140
    2304 0.0941159 0.0137936
    2305 0.0928150 0.0136573
    2306 0.0924579 0.0135864
    2307 0.0922697 0.0135751
    2308 0.0915925 0.0135376
    2309 0.0911809 0.0135286
    2310 0.0910449 0.0135778
    2311 0.0905591 0.0135778
    2312 0.0904072 0.0136150
    2313 0.0897800 0.0135941
    2314 0.0893714 0.0135854
    2315 0.0891827 0.0135583
    2316 0.0890732 0.0135755
    2317 0.0883208 0.0135513
    2318 0.0885483 0.0136103
    2319 0.0880801 0.0136154
    2320 0.0878231 0.0136180
    2321 0.0878020 0.0136007
    2322 0.0868549 0.0135505
    2323 0.0864387 0.0135921
    2324 0.0861809 0.0136509
    2325 0.0859382 0.0137059
    2326 0.0861366 0.0137904
    2327 0.0863231 0.0138550
    2328 0.0862241 0.0138576
    2329 0.0858745 0.0138747
    2330 0.0854868 0.0138956
    2331 0.0852771 0.0139294
    2332 0.0843238 0.0138829
    2333 0.0836822 0.0138515
    2334 0.0836665 0.0138997
    2335 0.0829501 0.0138232
    2336 0.0821946 0.0137793
    2337 0.0818835 0.0138400
    2338 0.0816875 0.0138803
    2339 0.0811114 0.0138827
    2340 0.0808749 0.0139149
    2341 0.0806063 0.0138673
    2342 0.0798937 0.0138031
    2343 0.0794983 0.0138112
    2344 0.0786558 0.0137348
    2345 0.0781981 0.0137389
    2346 0.0777573 0.0137531
    2347 0.0774167 0.0137694
    2348 0.0772653 0.0138108
    2349 0.0768090 0.0138155
    2350 0.0762222 0.0137880
    2351 0.0757420 0.0137642
    2352 0.0753192 0.0137478
    2353 0.0750740 0.0137259
    2354 0.0743333 0.0136820
    2355 0.0741566 0.0137294
    2356 0.0740358 0.0137987
    2357 0.0737503 0.0139271
    2358 0.0731004 0.0139181
    2359 0.0730034 0.0139018
    2360 0.0732861 0.0140156
    2361 0.0728470 0.0140418
    2362 0.0724178 0.0140363
    2363 0.0719801 0.0140584
    2364 0.0716400 0.0140756
    2365 0.0711573 0.0140444
    2366 0.0705892 0.0139725
    2367 0.0699527 0.0138437
    2368 0.0701279 0.0139570
    2369 0.0697515 0.0138598
    2370 0.0695863 0.0138073
    2371 0.0688149 0.0138406
    2372 0.0681924 0.0138358
    2373 0.0676382 0.0139079
    2374 0.0674785 0.0141715
    2375 0.0669858 0.0141864
    2376 0.0666080 0.0140719
    2377 0.0662080 0.0139017
    2378 0.0658024 0.0137731
    2379 0.0654919 0.0138531
    2380 0.0648761 0.0139965
    2381 0.0643106 0.0141376
    2382 0.0638999 0.0142087
    2383 0.0640268 0.0142822
    2384 0.0631904 0.0141924
    2385 0.0626342 0.0140477
    2386 0.0620209 0.0139205
    2387 0.0616416 0.0137740
    2388 0.0611853 0.0135302
    2389 0.0611970 0.0136028
    2390 0.0607870 0.0136655
    2391 0.0601637 0.0137544
    2392 0.0598897 0.0139700
    2393 0.0594190 0.0139759
    2394 0.0588266 0.0138727
    2395 0.0586511 0.0138089
    2396 0.0582741 0.0136945
    2397 0.0578758 0.0137462
    2398 0.0577921 0.0139651
    2399 0.0575033 0.0140665
    2400 0.0565937 0.0139767
    2401 0.0561313 0.0138177
    2402 0.0560534 0.0136850
    2403 0.0555589 0.0135400
    2404 0.0549516 0.0133442
    2405 0.0546227 0.0133168
    2406 0.0541205 0.0135144
    2407 0.0536416 0.0136017
    2408 0.0527348 0.0137141
    2409 0.0518661 0.0139731
    2410 0.0511239 0.0140451
    2411 0.0506333 0.0138805
    2412 0.0496908 0.0137283
    2413 0.0488666 0.0135536
    2414 0.0484583 0.0135236
    2415 0.0471905 0.0137438
    2416 0.0463989 0.0140846
    2417 0.0457229 0.0141674
    2418 0.0451007 0.0140348
    2419 0.0451242 0.0135881
    2420 0.0451353 0.0130883
    2421 0.0454875 0.0130485
    2422 0.0457759 0.0131169
    2423 0.0452564 0.0130791
    2424 0.0452250 0.0134619
    2425 0.0449998 0.0134497
    2426 0.0443396 0.0130711
    2427 0.0438242 0.0129524
    2428 0.0432589 0.0129550
    2429 0.0426765 0.0129729
    2430 0.0422964 0.0130136
    2431 0.0416110 0.0131657
    2432 0.0404241 0.0131013
    2433 0.0396784 0.0133068
    2434 0.0392078 0.0139128
    2435 0.0385225 0.0140504
    2436 0.0378690 0.0139750
    2437 0.0370884 0.0137054
    2438 0.0364801 0.0132050
    2439 0.0358890 0.0129687
    2440 0.0351569 0.0124748
    2441 0.0348161 0.0123236
    2442 0.0344485 0.0127376
    2443 0.0340277 0.0129508
    2444 0.0330472 0.0135098
    2445 0.0315816 0.0139023
    2446 0.0300125 0.0137028
    2447 0.0276479 0.0141660
    2448 0.0251824 0.0146233
    2449 0.0230930 0.0146237
    2450 0.0214467 0.0153481
    2451 0.0208247 0.0146706
    2452 0.0215507 0.0140154
    2453 0.0222750 0.0136843
    2454 0.0232564 0.0137609
    2455 0.0237433 0.0129481
    2456 0.0239753 0.0128878
    2457 0.0241928 0.0128560
    2458 0.0243260 0.0128922
    2459 0.0243861 0.0128874
    2460 0.0242585 0.0128404
    2461 0.0238345 0.0127345
    2462 0.0232094 0.0125935
    2463 0.0224558 0.0125027
    2464 0.0216151 0.0124746
    2465 0.0206707 0.0124978
    2466 0.0195960 0.0124793
    2467 0.0184454 0.0124475
    2468 0.0172311 0.0124181
    2469 0.0159519 0.0123289
    2470 0.0146688 0.0122981
    2471 0.0134102 0.0121654
    2472 0.0121921 0.0118431
    2473 0.0109998 0.0114798
    2474 0.00973536 0.0109491
    2475 0.00857900 0.0104822
    2476 0.00749868 0.0101068
    2477 0.00658141 0.00984273
    2478 0.00571881 0.00924234
    2479 0.00488609 0.00823552
    2480 0.00416361 0.00733171
    2481 0.00353766 0.00639726
    2482 0.00308261 0.00597667
    2483 0.00266271 0.00573388
    2484 0.00268677 0.00609883
    2485 0.00256599 0.00646952
    2486 0.00239215 0.00633920
    2487 0.00264566 0.00714190
    2488 0.00285122 0.00836053
    2489 0.00294822 0.00859675
    2490 0.00321582 0.00908759
    2491 0.00326598 0.00929820
    2492 0.00314883 0.00912274
    2493 0.00300962 0.00885718
    2494 0.00301348 0.00871769
    2495 0.00280605 0.00858680
    2496 0.00154954 0.0109727
    2497 0.000647054 0.00405231
    2498 0.00147277 0.00718394
    2499 0.00212393 0.0113571
    2500 0.00324413 0.0136846
