#Wavelength in nm, Average Reflectance 350 to 2500nm by 1nm, Standard Deviation: N = 24, Decimal Hours UT: ,17.8514
     350 0.0607534 0.00673988
     351 0.0603957 0.00656693
     352 0.0603909 0.00650003
     353 0.0603855 0.00642321
     354 0.0601874 0.00632650
     355 0.0599976 0.00622281
     356 0.0600063 0.00609355
     357 0.0598290 0.00597789
     358 0.0596822 0.00590481
     359 0.0597552 0.00587479
     360 0.0594355 0.00578216
     361 0.0591845 0.00566643
     362 0.0590461 0.00555175
     363 0.0591287 0.00547302
     364 0.0590827 0.00540401
     365 0.0590002 0.00535256
     366 0.0589064 0.00530929
     367 0.0588475 0.00526385
     368 0.0589158 0.00523574
     369 0.0589431 0.00520818
     370 0.0589098 0.00517812
     371 0.0590244 0.00516525
     372 0.0591147 0.00515529
     373 0.0592907 0.00516864
     374 0.0592811 0.00518553
     375 0.0595013 0.00522797
     376 0.0597368 0.00524197
     377 0.0599517 0.00525487
     378 0.0601335 0.00530261
     379 0.0601664 0.00531375
     380 0.0603477 0.00533727
     381 0.0605116 0.00535275
     382 0.0606427 0.00533755
     383 0.0607754 0.00531952
     384 0.0608077 0.00529521
     385 0.0608126 0.00525964
     386 0.0609345 0.00519785
     387 0.0609177 0.00513748
     388 0.0609258 0.00509387
     389 0.0609499 0.00504167
     390 0.0608115 0.00489900
     391 0.0607428 0.00477662
     392 0.0605750 0.00465523
     393 0.0604406 0.00450813
     394 0.0602095 0.00433666
     395 0.0598930 0.00415667
     396 0.0596837 0.00399055
     397 0.0594037 0.00382784
     398 0.0591698 0.00369712
     399 0.0589914 0.00358060
     400 0.0589096 0.00347058
     401 0.0586585 0.00335787
     402 0.0584743 0.00325406
     403 0.0583835 0.00316384
     404 0.0582506 0.00308435
     405 0.0582570 0.00303074
     406 0.0581363 0.00297558
     407 0.0580870 0.00293448
     408 0.0580994 0.00291725
     409 0.0581229 0.00288193
     410 0.0581254 0.00284282
     411 0.0581852 0.00281141
     412 0.0581326 0.00277276
     413 0.0581287 0.00274515
     414 0.0581506 0.00272163
     415 0.0580583 0.00269138
     416 0.0580719 0.00267040
     417 0.0580979 0.00264896
     418 0.0582894 0.00263603
     419 0.0583502 0.00262225
     420 0.0584051 0.00261402
     421 0.0583580 0.00260272
     422 0.0583805 0.00259264
     423 0.0586334 0.00258949
     424 0.0586220 0.00258314
     425 0.0586863 0.00258202
     426 0.0587472 0.00257632
     427 0.0588845 0.00257028
     428 0.0589528 0.00256785
     429 0.0590277 0.00256056
     430 0.0590857 0.00253781
     431 0.0590598 0.00253566
     432 0.0591424 0.00253780
     433 0.0592218 0.00253056
     434 0.0591688 0.00251586
     435 0.0592604 0.00251394
     436 0.0593129 0.00250571
     437 0.0593121 0.00248589
     438 0.0593476 0.00246940
     439 0.0593629 0.00245632
     440 0.0593787 0.00244898
     441 0.0594521 0.00244821
     442 0.0595081 0.00244123
     443 0.0595688 0.00244021
     444 0.0596317 0.00244310
     445 0.0597131 0.00243944
     446 0.0597089 0.00243533
     447 0.0597845 0.00243473
     448 0.0598867 0.00243419
     449 0.0599293 0.00243491
     450 0.0599205 0.00243465
     451 0.0600134 0.00243509
     452 0.0600638 0.00242878
     453 0.0601688 0.00243249
     454 0.0602628 0.00244197
     455 0.0602916 0.00244859
     456 0.0603430 0.00244763
     457 0.0603932 0.00245427
     458 0.0604759 0.00246159
     459 0.0605537 0.00246247
     460 0.0605580 0.00246020
     461 0.0606143 0.00246107
     462 0.0606804 0.00246373
     463 0.0607630 0.00246884
     464 0.0608188 0.00247848
     465 0.0609796 0.00249036
     466 0.0610390 0.00249395
     467 0.0611043 0.00249673
     468 0.0611691 0.00249927
     469 0.0612142 0.00250014
     470 0.0612566 0.00249922
     471 0.0612890 0.00249462
     472 0.0613074 0.00249536
     473 0.0613778 0.00249844
     474 0.0614050 0.00249274
     475 0.0614496 0.00249334
     476 0.0615102 0.00249391
     477 0.0615499 0.00249157
     478 0.0615511 0.00248936
     479 0.0615040 0.00248574
     480 0.0615374 0.00248473
     481 0.0615675 0.00248380
     482 0.0616429 0.00249069
     483 0.0617373 0.00250035
     484 0.0618433 0.00250906
     485 0.0620197 0.00251703
     486 0.0621028 0.00252151
     487 0.0621506 0.00252811
     488 0.0621653 0.00253196
     489 0.0622150 0.00252352
     490 0.0622308 0.00251891
     491 0.0622414 0.00251144
     492 0.0622383 0.00249576
     493 0.0622570 0.00248958
     494 0.0623323 0.00248896
     495 0.0624608 0.00248902
     496 0.0625209 0.00248256
     497 0.0625601 0.00248568
     498 0.0626040 0.00248911
     499 0.0626877 0.00248982
     500 0.0627273 0.00248988
     501 0.0627623 0.00249030
     502 0.0627940 0.00248850
     503 0.0628431 0.00248401
     504 0.0628651 0.00247924
     505 0.0628762 0.00247399
     506 0.0629339 0.00247221
     507 0.0629839 0.00247382
     508 0.0630101 0.00247105
     509 0.0630770 0.00246980
     510 0.0631369 0.00246997
     511 0.0631471 0.00246692
     512 0.0631890 0.00246755
     513 0.0632293 0.00246948
     514 0.0633109 0.00247285
     515 0.0633994 0.00247973
     516 0.0634544 0.00248085
     517 0.0634831 0.00247780
     518 0.0635569 0.00248130
     519 0.0635866 0.00247537
     520 0.0635593 0.00246386
     521 0.0635708 0.00245451
     522 0.0635662 0.00244260
     523 0.0635606 0.00243187
     524 0.0636227 0.00242617
     525 0.0636593 0.00242263
     526 0.0637217 0.00242343
     527 0.0637398 0.00242448
     528 0.0637345 0.00242385
     529 0.0637513 0.00241956
     530 0.0637809 0.00241336
     531 0.0638294 0.00240867
     532 0.0638312 0.00240514
     533 0.0638588 0.00240506
     534 0.0638883 0.00240495
     535 0.0639225 0.00240396
     536 0.0639907 0.00240341
     537 0.0640517 0.00240309
     538 0.0640612 0.00240198
     539 0.0641036 0.00240359
     540 0.0641759 0.00240818
     541 0.0642144 0.00240765
     542 0.0642300 0.00240474
     543 0.0642649 0.00240504
     544 0.0643476 0.00241073
     545 0.0643604 0.00240824
     546 0.0643651 0.00240132
     547 0.0644300 0.00240187
     548 0.0644464 0.00240205
     549 0.0645133 0.00240501
     550 0.0645548 0.00240729
     551 0.0645513 0.00240646
     552 0.0646265 0.00240898
     553 0.0646341 0.00241038
     554 0.0646713 0.00241433
     555 0.0647557 0.00241876
     556 0.0648433 0.00242571
     557 0.0649056 0.00243383
     558 0.0650148 0.00244038
     559 0.0651278 0.00244908
     560 0.0651485 0.00245278
     561 0.0651705 0.00245130
     562 0.0652383 0.00244808
     563 0.0652905 0.00244352
     564 0.0653419 0.00244215
     565 0.0653991 0.00244747
     566 0.0654487 0.00244862
     567 0.0655447 0.00245202
     568 0.0655740 0.00245534
     569 0.0656001 0.00245503
     570 0.0656725 0.00246305
     571 0.0656860 0.00246923
     572 0.0657282 0.00246829
     573 0.0658445 0.00246895
     574 0.0658143 0.00246719
     575 0.0658924 0.00247074
     576 0.0659368 0.00246764
     577 0.0659720 0.00246670
     578 0.0660362 0.00246647
     579 0.0660565 0.00246178
     580 0.0660533 0.00245739
     581 0.0660873 0.00245296
     582 0.0660669 0.00244495
     583 0.0660401 0.00243708
     584 0.0661078 0.00243971
     585 0.0661159 0.00244465
     586 0.0661728 0.00245196
     587 0.0661722 0.00245277
     588 0.0661755 0.00245757
     589 0.0662605 0.00246449
     590 0.0662569 0.00246073
     591 0.0663190 0.00245543
     592 0.0662490 0.00244357
     593 0.0662261 0.00243487
     594 0.0661669 0.00242877
     595 0.0661583 0.00242206
     596 0.0661750 0.00241464
     597 0.0661557 0.00240579
     598 0.0661888 0.00239907
     599 0.0661885 0.00239555
     600 0.0662079 0.00239557
     601 0.0662525 0.00239554
     602 0.0662513 0.00238884
     603 0.0662893 0.00238525
     604 0.0663250 0.00238540
     605 0.0663421 0.00238571
     606 0.0663586 0.00239198
     607 0.0663644 0.00239578
     608 0.0664005 0.00239334
     609 0.0664609 0.00239422
     610 0.0665128 0.00239715
     611 0.0664959 0.00239681
     612 0.0664980 0.00239305
     613 0.0665801 0.00239848
     614 0.0665818 0.00239890
     615 0.0666721 0.00239892
     616 0.0666637 0.00240349
     617 0.0666502 0.00239893
     618 0.0666743 0.00239264
     619 0.0667057 0.00239264
     620 0.0667061 0.00239070
     621 0.0667589 0.00239351
     622 0.0668071 0.00239880
     623 0.0668193 0.00240210
     624 0.0668799 0.00240620
     625 0.0669266 0.00241212
     626 0.0669890 0.00242190
     627 0.0670123 0.00242819
     628 0.0670899 0.00243807
     629 0.0671387 0.00244562
     630 0.0671874 0.00244849
     631 0.0672702 0.00246106
     632 0.0673152 0.00247381
     633 0.0673765 0.00248304
     634 0.0674553 0.00248649
     635 0.0675127 0.00249701
     636 0.0675440 0.00250670
     637 0.0675932 0.00251047
     638 0.0675962 0.00251772
     639 0.0676580 0.00253107
     640 0.0677263 0.00254479
     641 0.0678667 0.00255693
     642 0.0678875 0.00256701
     643 0.0679665 0.00257769
     644 0.0680447 0.00258591
     645 0.0681014 0.00259617
     646 0.0681768 0.00261547
     647 0.0682940 0.00263922
     648 0.0683773 0.00265610
     649 0.0684376 0.00266533
     650 0.0684745 0.00267770
     651 0.0685390 0.00269250
     652 0.0684711 0.00269184
     653 0.0685085 0.00269827
     654 0.0686408 0.00272194
     655 0.0688145 0.00276253
     656 0.0690450 0.00280408
     657 0.0689618 0.00280010
     658 0.0689456 0.00277416
     659 0.0688473 0.00274684
     660 0.0688563 0.00274164
     661 0.0688557 0.00274000
     662 0.0688797 0.00273719
     663 0.0688792 0.00273418
     664 0.0689151 0.00273630
     665 0.0689006 0.00273782
     666 0.0688901 0.00273823
     667 0.0689035 0.00273830
     668 0.0689113 0.00273440
     669 0.0688906 0.00272847
     670 0.0689004 0.00272773
     671 0.0689166 0.00273205
     672 0.0689161 0.00273129
     673 0.0689672 0.00272539
     674 0.0688819 0.00271355
     675 0.0688908 0.00271181
     676 0.0689910 0.00271531
     677 0.0689684 0.00271071
     678 0.0689321 0.00270828
     679 0.0688897 0.00269943
     680 0.0689355 0.00269353
     681 0.0688902 0.00269535
     682 0.0688826 0.00268866
     683 0.0689543 0.00268787
     684 0.0689182 0.00269300
     685 0.0689704 0.00270376
     686 0.0691304 0.00275174
     687 0.0694884 0.00283196
     688 0.0696204 0.00288061
     689 0.0695098 0.00283684
     690 0.0693685 0.00278600
     691 0.0692086 0.00275253
     692 0.0691189 0.00272954
     693 0.0691399 0.00271961
     694 0.0690984 0.00271342
     695 0.0690468 0.00270687
     696 0.0689409 0.00268455
     697 0.0689042 0.00266600
     698 0.0688919 0.00265857
     699 0.0689215 0.00266591
     700 0.0689434 0.00266936
     701 0.0689963 0.00267268
     702 0.0689508 0.00266812
     703 0.0688614 0.00265216
     704 0.0688601 0.00264135
     705 0.0687865 0.00263316
     706 0.0687777 0.00263082
     707 0.0687424 0.00262042
     708 0.0687825 0.00262013
     709 0.0688167 0.00262307
     710 0.0687937 0.00261942
     711 0.0687982 0.00261802
     712 0.0688116 0.00261421
     713 0.0688246 0.00261188
     714 0.0688768 0.00262363
     715 0.0689330 0.00264084
     716 0.0690963 0.00268360
     717 0.0694008 0.00276551
     718 0.0696784 0.00285731
     719 0.0698665 0.00290696
     720 0.0698143 0.00287866
     721 0.0695707 0.00280141
     722 0.0693901 0.00275226
     723 0.0694129 0.00275871
     724 0.0695877 0.00280635
     725 0.0697307 0.00283587
     726 0.0697443 0.00282735
     727 0.0697046 0.00281166
     728 0.0697033 0.00281206
     729 0.0697084 0.00281586
     730 0.0696715 0.00280034
     731 0.0695732 0.00276680
     732 0.0694272 0.00272767
     733 0.0693474 0.00269072
     734 0.0693024 0.00266897
     735 0.0692906 0.00266269
     736 0.0692598 0.00266141
     737 0.0692773 0.00266039
     738 0.0692936 0.00265564
     739 0.0692679 0.00264788
     740 0.0692841 0.00264873
     741 0.0692521 0.00264544
     742 0.0692237 0.00263821
     743 0.0692265 0.00262970
     744 0.0692021 0.00262100
     745 0.0692248 0.00261497
     746 0.0692580 0.00261270
     747 0.0692430 0.00261441
     748 0.0692289 0.00260626
     749 0.0692318 0.00260414
     750 0.0692770 0.00261274
     751 0.0692881 0.00260862
     752 0.0693204 0.00260826
     753 0.0693129 0.00260800
     754 0.0693113 0.00260609
     755 0.0693063 0.00260618
     756 0.0693117 0.00260576
     757 0.0694254 0.00261666
     758 0.0696857 0.00266524
     759 0.0704237 0.00287999
     760 0.0719961 0.00340929
     761 0.0743086 0.00429371
     762 0.0740618 0.00420472
     763 0.0732355 0.00387615
     764 0.0723606 0.00355148
     765 0.0715435 0.00324744
     766 0.0707018 0.00295130
     767 0.0701391 0.00276712
     768 0.0698184 0.00266375
     769 0.0695964 0.00260480
     770 0.0694874 0.00258423
     771 0.0694324 0.00257130
     772 0.0694547 0.00255903
     773 0.0694454 0.00255209
     774 0.0694282 0.00254816
     775 0.0694256 0.00254134
     776 0.0694367 0.00253088
     777 0.0694195 0.00252611
     778 0.0694027 0.00251946
     779 0.0694326 0.00251377
     780 0.0694315 0.00250887
     781 0.0693877 0.00250258
     782 0.0693847 0.00249926
     783 0.0693958 0.00249783
     784 0.0694112 0.00249722
     785 0.0694311 0.00249939
     786 0.0694376 0.00249906
     787 0.0694488 0.00249781
     788 0.0695017 0.00250466
     789 0.0695387 0.00251446
     790 0.0695565 0.00252509
     791 0.0695962 0.00253235
     792 0.0695748 0.00251742
     793 0.0695533 0.00251370
     794 0.0695545 0.00251602
     795 0.0695952 0.00251108
     796 0.0696057 0.00250764
     797 0.0695850 0.00250825
     798 0.0695776 0.00250724
     799 0.0695735 0.00249469
     800 0.0695838 0.00249183
     801 0.0695880 0.00249646
     802 0.0695850 0.00250197
     803 0.0695891 0.00250026
     804 0.0695613 0.00250084
     805 0.0695303 0.00249318
     806 0.0695118 0.00247479
     807 0.0695216 0.00247090
     808 0.0695098 0.00247695
     809 0.0695589 0.00248279
     810 0.0696547 0.00247963
     811 0.0697253 0.00249485
     812 0.0698694 0.00252848
     813 0.0700719 0.00258274
     814 0.0702978 0.00265711
     815 0.0705329 0.00271764
     816 0.0707364 0.00275669
     817 0.0707878 0.00276372
     818 0.0706919 0.00273663
     819 0.0705229 0.00271543
     820 0.0703901 0.00268703
     821 0.0703922 0.00265327
     822 0.0704233 0.00265411
     823 0.0704227 0.00266520
     824 0.0703587 0.00265697
     825 0.0702303 0.00261785
     826 0.0700987 0.00258652
     827 0.0700825 0.00257533
     828 0.0701482 0.00258357
     829 0.0701955 0.00259972
     830 0.0701719 0.00260216
     831 0.0701202 0.00258608
     832 0.0700333 0.00256047
     833 0.0700130 0.00254642
     834 0.0699507 0.00252874
     835 0.0698540 0.00250698
     836 0.0697442 0.00248121
     837 0.0696798 0.00245330
     838 0.0696019 0.00244710
     839 0.0695544 0.00244469
     840 0.0695514 0.00243203
     841 0.0694561 0.00241509
     842 0.0694537 0.00240569
     843 0.0694419 0.00239453
     844 0.0693976 0.00237657
     845 0.0694251 0.00236522
     846 0.0692991 0.00235685
     847 0.0692062 0.00235014
     848 0.0692676 0.00234112
     849 0.0692909 0.00234150
     850 0.0693113 0.00234425
     851 0.0693315 0.00235121
     852 0.0693072 0.00236729
     853 0.0693265 0.00237101
     854 0.0693401 0.00236609
     855 0.0693191 0.00235766
     856 0.0691968 0.00234612
     857 0.0690630 0.00231411
     858 0.0690185 0.00229242
     859 0.0689206 0.00228707
     860 0.0689030 0.00228046
     861 0.0688541 0.00227940
     862 0.0689222 0.00227827
     863 0.0689805 0.00227040
     864 0.0689960 0.00227603
     865 0.0690589 0.00229570
     866 0.0690713 0.00230979
     867 0.0691738 0.00231102
     868 0.0690912 0.00230775
     869 0.0689939 0.00229345
     870 0.0689354 0.00228108
     871 0.0689224 0.00228076
     872 0.0689299 0.00226456
     873 0.0689417 0.00225665
     874 0.0689179 0.00225332
     875 0.0688481 0.00224011
     876 0.0688629 0.00224086
     877 0.0688458 0.00224504
     878 0.0688752 0.00224957
     879 0.0689639 0.00225007
     880 0.0689074 0.00224452
     881 0.0689122 0.00224457
     882 0.0689028 0.00224601
     883 0.0689114 0.00224766
     884 0.0689189 0.00224779
     885 0.0689274 0.00224771
     886 0.0689316 0.00225129
     887 0.0689553 0.00225619
     888 0.0690048 0.00226296
     889 0.0690796 0.00227692
     890 0.0691975 0.00229790
     891 0.0693325 0.00232808
     892 0.0695161 0.00236931
     893 0.0697488 0.00241814
     894 0.0699841 0.00247757
     895 0.0702304 0.00254375
     896 0.0704670 0.00261161
     897 0.0706892 0.00267668
     898 0.0708691 0.00273534
     899 0.0710084 0.00278352
     900 0.0711176 0.00281823
     901 0.0711953 0.00284407
     902 0.0712572 0.00286352
     903 0.0713009 0.00288001
     904 0.0713421 0.00289803
     905 0.0713912 0.00291565
     906 0.0714307 0.00293068
     907 0.0714700 0.00294550
     908 0.0715174 0.00296204
     909 0.0715981 0.00298678
     910 0.0716823 0.00301662
     911 0.0717603 0.00304696
     912 0.0718220 0.00307004
     913 0.0718608 0.00307985
     914 0.0718502 0.00307349
     915 0.0717770 0.00304695
     916 0.0716632 0.00300363
     917 0.0715410 0.00295830
     918 0.0714284 0.00291639
     919 0.0713487 0.00288421
     920 0.0712843 0.00286569
     921 0.0713037 0.00287056
     922 0.0714227 0.00289581
     923 0.0716844 0.00296100
     924 0.0720980 0.00308967
     925 0.0727613 0.00330190
     926 0.0737192 0.00364402
     927 0.0750183 0.00414428
     928 0.0766547 0.00480313
     929 0.0785377 0.00559788
     930 0.0805624 0.00645959
     931 0.0825715 0.00732930
     932 0.0844358 0.00814869
     933 0.0861057 0.00887316
     934 0.0874918 0.00949941
     935 0.0885822 0.00999959
     936 0.0893977 0.0103685
     937 0.0899165 0.0105941
     938 0.0901102 0.0106659
     939 0.0900252 0.0106146
     940 0.0897631 0.0104747
     941 0.0893707 0.0102875
     942 0.0890014 0.0100949
     943 0.0886427 0.00992069
     944 0.0883421 0.00980822
     945 0.0881599 0.00973710
     946 0.0880941 0.00969104
     947 0.0880351 0.00965850
     948 0.0879667 0.00962331
     949 0.0878637 0.00957982
     950 0.0876499 0.00948056
     951 0.0873309 0.00931990
     952 0.0868871 0.00912052
     953 0.0863246 0.00888854
     954 0.0857713 0.00862241
     955 0.0852033 0.00833498
     956 0.0846062 0.00803091
     957 0.0839413 0.00771754
     958 0.0832162 0.00739373
     959 0.0824518 0.00704674
     960 0.0816288 0.00667248
     961 0.0807857 0.00629428
     962 0.0798748 0.00591575
     963 0.0790280 0.00554410
     964 0.0781437 0.00517356
     965 0.0773070 0.00483194
     966 0.0765425 0.00451383
     967 0.0757977 0.00422353
     968 0.0751211 0.00397885
     969 0.0745536 0.00377297
     970 0.0741082 0.00359671
     971 0.0737681 0.00345149
     972 0.0734997 0.00334181
     973 0.0732838 0.00325486
     974 0.0730358 0.00316653
     975 0.0729163 0.00309200
     976 0.0727991 0.00302561
     977 0.0726238 0.00295628
     978 0.0724369 0.00288325
     979 0.0722730 0.00280850
     980 0.0720317 0.00272850
     981 0.0717652 0.00265099
     982 0.0714455 0.00257831
     983 0.0711185 0.00250127
     984 0.0708231 0.00242833
     985 0.0705700 0.00237302
     986 0.0702761 0.00231811
     987 0.0700197 0.00227947
     988 0.0698131 0.00225438
     989 0.0696425 0.00222701
     990 0.0694872 0.00219815
     991 0.0693977 0.00217568
     992 0.0692712 0.00216231
     993 0.0691926 0.00215308
     994 0.0691673 0.00214716
     995 0.0691454 0.00214675
     996 0.0691517 0.00214521
     997 0.0691807 0.00214748
     998 0.0691766 0.00214929
     999 0.0691796 0.00215230
    1000 0.0691787 0.00215666
    1001 0.0691955 0.00216295
    1002 0.0692230 0.00217137
    1003 0.0692721 0.00217457
    1004 0.0693114 0.00217696
    1005 0.0693137 0.00218394
    1006 0.0693164 0.00218542
    1007 0.0693220 0.00218775
    1008 0.0693310 0.00218926
    1009 0.0693468 0.00218852
    1010 0.0693557 0.00218647
    1011 0.0693820 0.00218489
    1012 0.0694052 0.00218486
    1013 0.0694202 0.00218374
    1014 0.0694121 0.00218241
    1015 0.0694100 0.00218289
    1016 0.0694124 0.00218287
    1017 0.0694242 0.00218340
    1018 0.0694193 0.00218377
    1019 0.0694198 0.00218404
    1020 0.0694214 0.00218387
    1021 0.0694222 0.00219778
    1022 0.0694499 0.00219711
    1023 0.0693977 0.00219472
    1024 0.0694024 0.00218973
    1025 0.0694640 0.00220071
    1026 0.0695037 0.00220437
    1027 0.0695087 0.00220064
    1028 0.0695260 0.00220254
    1029 0.0695936 0.00221540
    1030 0.0694241 0.00220395
    1031 0.0694441 0.00217977
    1032 0.0694738 0.00216962
    1033 0.0694618 0.00216833
    1034 0.0694783 0.00216401
    1035 0.0694123 0.00217657
    1036 0.0694124 0.00220117
    1037 0.0694742 0.00219758
    1038 0.0694390 0.00219085
    1039 0.0693389 0.00218768
    1040 0.0694454 0.00217767
    1041 0.0693892 0.00217159
    1042 0.0693924 0.00217381
    1043 0.0694569 0.00217635
    1044 0.0694645 0.00218008
    1045 0.0694294 0.00219745
    1046 0.0694810 0.00220182
    1047 0.0694523 0.00219157
    1048 0.0694695 0.00218939
    1049 0.0694224 0.00217469
    1050 0.0693794 0.00216465
    1051 0.0693866 0.00216970
    1052 0.0694018 0.00217531
    1053 0.0694538 0.00219921
    1054 0.0694917 0.00220417
    1055 0.0694512 0.00220339
    1056 0.0694658 0.00219129
    1057 0.0694521 0.00218103
    1058 0.0694549 0.00215548
    1059 0.0694617 0.00213700
    1060 0.0694343 0.00215625
    1061 0.0693899 0.00217118
    1062 0.0693696 0.00215276
    1063 0.0693372 0.00215523
    1064 0.0693482 0.00216555
    1065 0.0694050 0.00216800
    1066 0.0694019 0.00219432
    1067 0.0693896 0.00220992
    1068 0.0693796 0.00221594
    1069 0.0693676 0.00220706
    1070 0.0694059 0.00220460
    1071 0.0693924 0.00219798
    1072 0.0693801 0.00219584
    1073 0.0694312 0.00220721
    1074 0.0694274 0.00221592
    1075 0.0693884 0.00222312
    1076 0.0693805 0.00222356
    1077 0.0693903 0.00220668
    1078 0.0693790 0.00220311
    1079 0.0693755 0.00220092
    1080 0.0693935 0.00218758
    1081 0.0693766 0.00218152
    1082 0.0693386 0.00218154
    1083 0.0693480 0.00217991
    1084 0.0693562 0.00217437
    1085 0.0693656 0.00217918
    1086 0.0693961 0.00218929
    1087 0.0694161 0.00218440
    1088 0.0693154 0.00216198
    1089 0.0692167 0.00215923
    1090 0.0692315 0.00215513
    1091 0.0692346 0.00214071
    1092 0.0692503 0.00214300
    1093 0.0692874 0.00215049
    1094 0.0692851 0.00215961
    1095 0.0692822 0.00218369
    1096 0.0692862 0.00219131
    1097 0.0692822 0.00219803
    1098 0.0692963 0.00219595
    1099 0.0692781 0.00217746
    1100 0.0692872 0.00216284
    1101 0.0693082 0.00215209
    1102 0.0693069 0.00213812
    1103 0.0693124 0.00214385
    1104 0.0693142 0.00215764
    1105 0.0693058 0.00217723
    1106 0.0693467 0.00219280
    1107 0.0693485 0.00218023
    1108 0.0693510 0.00216873
    1109 0.0693785 0.00216727
    1110 0.0693840 0.00215739
    1111 0.0693651 0.00216604
    1112 0.0693452 0.00222053
    1113 0.0693740 0.00224390
    1114 0.0694062 0.00226096
    1115 0.0693611 0.00226151
    1116 0.0692933 0.00227001
    1117 0.0693206 0.00224345
    1118 0.0693162 0.00223822
    1119 0.0692669 0.00226652
    1120 0.0692984 0.00225038
    1121 0.0693586 0.00223709
    1122 0.0693674 0.00221844
    1123 0.0692797 0.00214899
    1124 0.0692299 0.00215684
    1125 0.0691814 0.00226226
    1126 0.0691751 0.00227910
    1127 0.0692019 0.00231029
    1128 0.0692203 0.00231716
    1129 0.0692609 0.00227399
    1130 0.0692564 0.00216020
    1131 0.0692491 0.00218721
    1132 0.0692623 0.00223304
    1133 0.0692764 0.00223095
    1134 0.0692307 0.00225851
    1135 0.0691891 0.00223646
    1136 0.0691722 0.00221778
    1137 0.0691859 0.00222590
    1138 0.0692550 0.00227822
    1139 0.0692970 0.00227928
    1140 0.0693101 0.00226756
    1141 0.0693066 0.00226332
    1142 0.0692840 0.00222717
    1143 0.0692778 0.00220781
    1144 0.0692829 0.00221575
    1145 0.0693073 0.00220412
    1146 0.0693577 0.00217325
    1147 0.0693441 0.00216290
    1148 0.0693104 0.00213669
    1149 0.0693239 0.00214938
    1150 0.0693237 0.00215175
    1151 0.0693634 0.00215835
    1152 0.0693654 0.00216143
    1153 0.0693603 0.00217166
    1154 0.0693513 0.00216874
    1155 0.0693440 0.00214997
    1156 0.0693756 0.00215895
    1157 0.0694020 0.00218037
    1158 0.0694218 0.00218804
    1159 0.0694189 0.00219762
    1160 0.0694606 0.00221271
    1161 0.0695125 0.00220370
    1162 0.0695068 0.00219974
    1163 0.0694789 0.00219612
    1164 0.0694572 0.00218728
    1165 0.0694719 0.00219432
    1166 0.0694638 0.00220712
    1167 0.0694593 0.00221568
    1168 0.0694772 0.00224371
    1169 0.0694869 0.00224179
    1170 0.0694772 0.00221693
    1171 0.0695083 0.00221116
    1172 0.0695340 0.00219451
    1173 0.0695453 0.00218896
    1174 0.0695347 0.00220118
    1175 0.0695290 0.00220602
    1176 0.0695206 0.00220651
    1177 0.0695204 0.00220931
    1178 0.0695371 0.00222479
    1179 0.0695734 0.00223289
    1180 0.0695585 0.00223371
    1181 0.0695267 0.00223483
    1182 0.0695293 0.00223241
    1183 0.0695365 0.00221691
    1184 0.0695760 0.00221525
    1185 0.0695907 0.00221408
    1186 0.0695970 0.00221679
    1187 0.0696024 0.00222729
    1188 0.0696081 0.00223381
    1189 0.0696119 0.00224390
    1190 0.0695830 0.00224988
    1191 0.0695884 0.00225238
    1192 0.0695872 0.00225720
    1193 0.0696107 0.00226652
    1194 0.0696531 0.00227145
    1195 0.0696631 0.00227347
    1196 0.0696631 0.00226602
    1197 0.0696705 0.00226205
    1198 0.0696591 0.00224920
    1199 0.0696600 0.00224728
    1200 0.0696593 0.00225241
    1201 0.0696729 0.00225507
    1202 0.0696664 0.00226074
    1203 0.0696458 0.00226217
    1204 0.0696591 0.00226139
    1205 0.0696956 0.00226410
    1206 0.0696711 0.00226601
    1207 0.0696495 0.00226551
    1208 0.0696413 0.00226603
    1209 0.0696335 0.00226562
    1210 0.0696675 0.00226335
    1211 0.0697004 0.00226097
    1212 0.0696700 0.00225916
    1213 0.0696612 0.00225816
    1214 0.0696706 0.00225990
    1215 0.0696720 0.00226644
    1216 0.0696978 0.00226729
    1217 0.0696796 0.00226287
    1218 0.0696667 0.00226487
    1219 0.0696709 0.00227012
    1220 0.0696474 0.00226884
    1221 0.0696517 0.00226982
    1222 0.0696397 0.00226937
    1223 0.0696458 0.00226105
    1224 0.0696426 0.00225772
    1225 0.0696605 0.00225893
    1226 0.0696547 0.00226055
    1227 0.0696334 0.00226281
    1228 0.0696288 0.00226707
    1229 0.0696345 0.00227001
    1230 0.0696283 0.00227613
    1231 0.0696226 0.00227557
    1232 0.0696404 0.00226862
    1233 0.0696495 0.00226935
    1234 0.0696321 0.00227177
    1235 0.0696023 0.00227049
    1236 0.0695857 0.00227086
    1237 0.0695548 0.00227165
    1238 0.0695609 0.00226970
    1239 0.0695257 0.00227016
    1240 0.0694837 0.00227995
    1241 0.0695628 0.00228503
    1242 0.0695431 0.00227692
    1243 0.0695229 0.00227668
    1244 0.0695259 0.00227876
    1245 0.0695114 0.00227953
    1246 0.0695220 0.00228162
    1247 0.0695393 0.00228977
    1248 0.0695110 0.00229249
    1249 0.0695803 0.00229492
    1250 0.0695762 0.00229537
    1251 0.0695568 0.00229686
    1252 0.0695815 0.00229869
    1253 0.0695724 0.00229494
    1254 0.0695989 0.00229675
    1255 0.0696304 0.00230409
    1256 0.0695773 0.00230384
    1257 0.0696083 0.00230320
    1258 0.0695892 0.00230391
    1259 0.0695809 0.00230595
    1260 0.0696135 0.00230677
    1261 0.0696084 0.00230734
    1262 0.0696042 0.00230814
    1263 0.0695872 0.00230540
    1264 0.0695737 0.00229645
    1265 0.0695586 0.00229481
    1266 0.0696040 0.00229900
    1267 0.0695824 0.00229845
    1268 0.0696119 0.00230077
    1269 0.0696311 0.00230236
    1270 0.0696249 0.00230073
    1271 0.0696345 0.00230196
    1272 0.0696365 0.00230846
    1273 0.0696293 0.00230723
    1274 0.0696245 0.00229809
    1275 0.0696165 0.00229770
    1276 0.0695431 0.00229405
    1277 0.0695639 0.00229668
    1278 0.0695558 0.00231134
    1279 0.0695486 0.00231684
    1280 0.0695497 0.00231910
    1281 0.0695469 0.00231737
    1282 0.0695085 0.00231615
    1283 0.0695535 0.00231308
    1284 0.0695579 0.00231499
    1285 0.0695736 0.00232117
    1286 0.0695835 0.00232347
    1287 0.0695982 0.00232840
    1288 0.0695853 0.00232814
    1289 0.0695725 0.00232379
    1290 0.0696051 0.00232274
    1291 0.0695962 0.00231571
    1292 0.0696239 0.00231635
    1293 0.0696253 0.00232157
    1294 0.0696208 0.00232331
    1295 0.0696233 0.00232859
    1296 0.0696226 0.00233086
    1297 0.0696480 0.00232431
    1298 0.0696291 0.00232936
    1299 0.0696473 0.00232601
    1300 0.0696404 0.00232726
    1301 0.0696798 0.00232645
    1302 0.0696966 0.00232103
    1303 0.0696606 0.00231877
    1304 0.0696593 0.00231885
    1305 0.0696610 0.00232118
    1306 0.0696589 0.00233090
    1307 0.0696487 0.00233195
    1308 0.0696540 0.00232988
    1309 0.0696586 0.00232957
    1310 0.0696726 0.00232020
    1311 0.0696127 0.00231849
    1312 0.0696699 0.00233426
    1313 0.0696741 0.00233787
    1314 0.0696734 0.00234067
    1315 0.0696763 0.00234300
    1316 0.0696870 0.00234395
    1317 0.0696944 0.00233250
    1318 0.0696620 0.00232948
    1319 0.0696679 0.00232685
    1320 0.0696836 0.00232778
    1321 0.0697001 0.00233047
    1322 0.0697052 0.00233199
    1323 0.0697280 0.00233746
    1324 0.0697459 0.00234062
    1325 0.0697557 0.00234408
    1326 0.0697468 0.00234128
    1327 0.0697506 0.00233159
    1328 0.0697481 0.00233097
    1329 0.0697140 0.00233213
    1330 0.0697193 0.00232848
    1331 0.0697010 0.00232661
    1332 0.0696965 0.00232706
    1333 0.0697306 0.00232125
    1334 0.0697555 0.00232043
    1335 0.0697754 0.00233275
    1336 0.0697586 0.00233535
    1337 0.0697864 0.00233667
    1338 0.0698039 0.00232649
    1339 0.0698299 0.00232883
    1340 0.0698238 0.00232691
    1341 0.0698159 0.00231415
    1342 0.0697966 0.00228780
    1343 0.0698009 0.00228451
    1344 0.0698123 0.00228186
    1345 0.0698403 0.00229060
    1346 0.0698786 0.00235635
    1347 0.0698865 0.00238227
    1348 0.0698325 0.00236100
    1349 0.0698251 0.00238832
    1350 0.0699030 0.00249867
    1351 0.0699039 0.00258679
    1352 0.0699537 0.00269083
    1353 0.0700083 0.00295737
    1354 0.0696752 0.00296264
    1355 0.0699924 0.00657418
    1356 0.0703272 0.00814390
    1357 0.0709496 0.0101945
    1358 0.0722452 0.0127340
    1359 0.0741334 0.0157791
    1360 0.0768788 0.0186389
    1361 0.0801713 0.0224239
    1362 0.0841830 0.0254900
    1363 0.0884204 0.0293479
    1364 0.0933619 0.0334455
    1365 0.0986055 0.0372656
    1366 0.103013 0.0402372
    1367 0.107371 0.0426753
    1368 0.110610 0.0438814
    1369 0.113134 0.0452845
    1370 0.116680 0.0469749
    1371 0.120070 0.0483906
    1372 0.122667 0.0492943
    1373 0.124619 0.0505623
    1374 0.126001 0.0519345
    1375 0.126307 0.0527442
    1376 0.126423 0.0536937
    1377 0.128003 0.0538379
    1378 0.129178 0.0540251
    1379 0.130666 0.0539939
    1380 0.130522 0.0551749
    1381 0.128418 0.0557545
    1382 0.125245 0.0564733
    1383 0.123064 0.0559977
    1384 0.120633 0.0558581
    1385 0.119251 0.0550722
    1386 0.117637 0.0538850
    1387 0.114754 0.0531301
    1388 0.111387 0.0519779
    1389 0.107861 0.0497191
    1390 0.104467 0.0477493
    1391 0.102640 0.0452250
    1392 0.100876 0.0434336
    1393 0.0996506 0.0410091
    1394 0.0977366 0.0391796
    1395 0.0962420 0.0379018
    1396 0.0902936 0.0428924
    1397 0.0872412 0.0434991
    1398 0.0887795 0.0372769
    1399 0.0891628 0.0365117
    1400 0.0921195 0.0392058
    1401 0.0898742 0.0345157
    1402 0.0857991 0.0294799
    1403 0.0807706 0.0245112
    1404 0.0784014 0.0164627
    1405 0.0746810 0.0142521
    1406 0.0735579 0.0118879
    1407 0.0735751 0.0124908
    1408 0.0729761 0.0116143
    1409 0.0729194 0.00997968
    1410 0.0721797 0.00826722
    1411 0.0715154 0.00681355
    1412 0.0710886 0.00578042
    1413 0.0701990 0.00471278
    1414 0.0700411 0.00396046
    1415 0.0703510 0.00361124
    1416 0.0704108 0.00319054
    1417 0.0705984 0.00280244
    1418 0.0705564 0.00269405
    1419 0.0703977 0.00283074
    1420 0.0703084 0.00270545
    1421 0.0701345 0.00252791
    1422 0.0701439 0.00255589
    1423 0.0702979 0.00260628
    1424 0.0703007 0.00261876
    1425 0.0702758 0.00262971
    1426 0.0702336 0.00267350
    1427 0.0702434 0.00272721
    1428 0.0703094 0.00269829
    1429 0.0703575 0.00257009
    1430 0.0703414 0.00261298
    1431 0.0702536 0.00257080
    1432 0.0702311 0.00253241
    1433 0.0702017 0.00257954
    1434 0.0701065 0.00262226
    1435 0.0701282 0.00255904
    1436 0.0700430 0.00244395
    1437 0.0699353 0.00247834
    1438 0.0698780 0.00259093
    1439 0.0698461 0.00262740
    1440 0.0697634 0.00276954
    1441 0.0698388 0.00275188
    1442 0.0699967 0.00264002
    1443 0.0700127 0.00258434
    1444 0.0699717 0.00251893
    1445 0.0699278 0.00248043
    1446 0.0699188 0.00244712
    1447 0.0699169 0.00243820
    1448 0.0698891 0.00247153
    1449 0.0698727 0.00245990
    1450 0.0698042 0.00241785
    1451 0.0697962 0.00241203
    1452 0.0698679 0.00241259
    1453 0.0698994 0.00240577
    1454 0.0699099 0.00241802
    1455 0.0699430 0.00241726
    1456 0.0699668 0.00241013
    1457 0.0699836 0.00236944
    1458 0.0699909 0.00235417
    1459 0.0700147 0.00235500
    1460 0.0700227 0.00235740
    1461 0.0699679 0.00239259
    1462 0.0699124 0.00240622
    1463 0.0699233 0.00238302
    1464 0.0698963 0.00235133
    1465 0.0698807 0.00232951
    1466 0.0698120 0.00232599
    1467 0.0696949 0.00235420
    1468 0.0696131 0.00235799
    1469 0.0695485 0.00236937
    1470 0.0695140 0.00236329
    1471 0.0695967 0.00233655
    1472 0.0696198 0.00233958
    1473 0.0696109 0.00234906
    1474 0.0696007 0.00236788
    1475 0.0695778 0.00241421
    1476 0.0696003 0.00242851
    1477 0.0696561 0.00243750
    1478 0.0697012 0.00243369
    1479 0.0697456 0.00240201
    1480 0.0697762 0.00239182
    1481 0.0698258 0.00237709
    1482 0.0698381 0.00238126
    1483 0.0698446 0.00240943
    1484 0.0698606 0.00241829
    1485 0.0698702 0.00243212
    1486 0.0698735 0.00243274
    1487 0.0698444 0.00241639
    1488 0.0697969 0.00240486
    1489 0.0697933 0.00240571
    1490 0.0698026 0.00240048
    1491 0.0698192 0.00238348
    1492 0.0698306 0.00237781
    1493 0.0698226 0.00237554
    1494 0.0698487 0.00237302
    1495 0.0698396 0.00238026
    1496 0.0698171 0.00238543
    1497 0.0698120 0.00238559
    1498 0.0698010 0.00237740
    1499 0.0698133 0.00237674
    1500 0.0698434 0.00237805
    1501 0.0698358 0.00238006
    1502 0.0698513 0.00238601
    1503 0.0698678 0.00238872
    1504 0.0698256 0.00238855
    1505 0.0698267 0.00239043
    1506 0.0698269 0.00239292
    1507 0.0698232 0.00239145
    1508 0.0698454 0.00238947
    1509 0.0698599 0.00238650
    1510 0.0698586 0.00237738
    1511 0.0698711 0.00237710
    1512 0.0698966 0.00238054
    1513 0.0699005 0.00238547
    1514 0.0699161 0.00239850
    1515 0.0699093 0.00240263
    1516 0.0698953 0.00240376
    1517 0.0698824 0.00240621
    1518 0.0698823 0.00240821
    1519 0.0699006 0.00240760
    1520 0.0699371 0.00240221
    1521 0.0698973 0.00240190
    1522 0.0698576 0.00240451
    1523 0.0698731 0.00240532
    1524 0.0698806 0.00241366
    1525 0.0699435 0.00241485
    1526 0.0699607 0.00240370
    1527 0.0699964 0.00239989
    1528 0.0699689 0.00239307
    1529 0.0699323 0.00238967
    1530 0.0699570 0.00239655
    1531 0.0699516 0.00240249
    1532 0.0698965 0.00240650
    1533 0.0699510 0.00241212
    1534 0.0699265 0.00241117
    1535 0.0699296 0.00240484
    1536 0.0699410 0.00240327
    1537 0.0699700 0.00240128
    1538 0.0699572 0.00240194
    1539 0.0699444 0.00240704
    1540 0.0698948 0.00240609
    1541 0.0699063 0.00240683
    1542 0.0698878 0.00240725
    1543 0.0698610 0.00240408
    1544 0.0698532 0.00240475
    1545 0.0698731 0.00241252
    1546 0.0698154 0.00241093
    1547 0.0698426 0.00240769
    1548 0.0698781 0.00240854
    1549 0.0698134 0.00240419
    1550 0.0698185 0.00240350
    1551 0.0698077 0.00240574
    1552 0.0698227 0.00240830
    1553 0.0698373 0.00240947
    1554 0.0697653 0.00240829
    1555 0.0698059 0.00241337
    1556 0.0698152 0.00241561
    1557 0.0697945 0.00241524
    1558 0.0698148 0.00241729
    1559 0.0698051 0.00241971
    1560 0.0698306 0.00241883
    1561 0.0698448 0.00241429
    1562 0.0698967 0.00241378
    1563 0.0698833 0.00240700
    1564 0.0699126 0.00240644
    1565 0.0699187 0.00241142
    1566 0.0698844 0.00241189
    1567 0.0698995 0.00241259
    1568 0.0698974 0.00241578
    1569 0.0699095 0.00242046
    1570 0.0699222 0.00242483
    1571 0.0699268 0.00243033
    1572 0.0699304 0.00243641
    1573 0.0698935 0.00244926
    1574 0.0699007 0.00245647
    1575 0.0698960 0.00245135
    1576 0.0699150 0.00245129
    1577 0.0699048 0.00244718
    1578 0.0698734 0.00243736
    1579 0.0698431 0.00243510
    1580 0.0698640 0.00243981
    1581 0.0698682 0.00244289
    1582 0.0698499 0.00244169
    1583 0.0698169 0.00244443
    1584 0.0698309 0.00245787
    1585 0.0698566 0.00245872
    1586 0.0698571 0.00245135
    1587 0.0698761 0.00244985
    1588 0.0698550 0.00244293
    1589 0.0698301 0.00244015
    1590 0.0698656 0.00244607
    1591 0.0698618 0.00244400
    1592 0.0698535 0.00243874
    1593 0.0698330 0.00243616
    1594 0.0698663 0.00243252
    1595 0.0698376 0.00243166
    1596 0.0698810 0.00243798
    1597 0.0698667 0.00244023
    1598 0.0698592 0.00244163
    1599 0.0698843 0.00244971
    1600 0.0698714 0.00246023
    1601 0.0698621 0.00246791
    1602 0.0698439 0.00247865
    1603 0.0699046 0.00249034
    1604 0.0699319 0.00250045
    1605 0.0699049 0.00250271
    1606 0.0699399 0.00250607
    1607 0.0698879 0.00250419
    1608 0.0698798 0.00249297
    1609 0.0698521 0.00249126
    1610 0.0698924 0.00249528
    1611 0.0698810 0.00249964
    1612 0.0698899 0.00251508
    1613 0.0698638 0.00251789
    1614 0.0698617 0.00251635
    1615 0.0698880 0.00251793
    1616 0.0698995 0.00251003
    1617 0.0698860 0.00251042
    1618 0.0698802 0.00252198
    1619 0.0698644 0.00252528
    1620 0.0698963 0.00252749
    1621 0.0698707 0.00253007
    1622 0.0699302 0.00253294
    1623 0.0698750 0.00253400
    1624 0.0698730 0.00254187
    1625 0.0698997 0.00254810
    1626 0.0699317 0.00255660
    1627 0.0698811 0.00255508
    1628 0.0699087 0.00254825
    1629 0.0699142 0.00254684
    1630 0.0699272 0.00254778
    1631 0.0699126 0.00254169
    1632 0.0698796 0.00253031
    1633 0.0698518 0.00252759
    1634 0.0698688 0.00252151
    1635 0.0698628 0.00252184
    1636 0.0698998 0.00254318
    1637 0.0698958 0.00255060
    1638 0.0699460 0.00255026
    1639 0.0699552 0.00255499
    1640 0.0699451 0.00255740
    1641 0.0699532 0.00256243
    1642 0.0699389 0.00257799
    1643 0.0699263 0.00258296
    1644 0.0698858 0.00257812
    1645 0.0698666 0.00257590
    1646 0.0699034 0.00256985
    1647 0.0699047 0.00256433
    1648 0.0698973 0.00255591
    1649 0.0699247 0.00255565
    1650 0.0699377 0.00256423
    1651 0.0699373 0.00256429
    1652 0.0699086 0.00256030
    1653 0.0699250 0.00256308
    1654 0.0699398 0.00256407
    1655 0.0699101 0.00256111
    1656 0.0699327 0.00256686
    1657 0.0699493 0.00256831
    1658 0.0699121 0.00255230
    1659 0.0699033 0.00255016
    1660 0.0698643 0.00255980
    1661 0.0698575 0.00256342
    1662 0.0699038 0.00257645
    1663 0.0698913 0.00257895
    1664 0.0699116 0.00256738
    1665 0.0699222 0.00255829
    1666 0.0699008 0.00255783
    1667 0.0698946 0.00255953
    1668 0.0698907 0.00256755
    1669 0.0698900 0.00257777
    1670 0.0699446 0.00258531
    1671 0.0699414 0.00259747
    1672 0.0699195 0.00261083
    1673 0.0698963 0.00261596
    1674 0.0699068 0.00260836
    1675 0.0699349 0.00259223
    1676 0.0699464 0.00257588
    1677 0.0699110 0.00256166
    1678 0.0699389 0.00256015
    1679 0.0699128 0.00256237
    1680 0.0698736 0.00257471
    1681 0.0699031 0.00258832
    1682 0.0699217 0.00258566
    1683 0.0698851 0.00259672
    1684 0.0699235 0.00259771
    1685 0.0699690 0.00258291
    1686 0.0699749 0.00259071
    1687 0.0699366 0.00259168
    1688 0.0699213 0.00259336
    1689 0.0699560 0.00260060
    1690 0.0699832 0.00259913
    1691 0.0699688 0.00260096
    1692 0.0699760 0.00259685
    1693 0.0699879 0.00259906
    1694 0.0699719 0.00260423
    1695 0.0699853 0.00260228
    1696 0.0700318 0.00259886
    1697 0.0699774 0.00258316
    1698 0.0699792 0.00257154
    1699 0.0699523 0.00256924
    1700 0.0699757 0.00258129
    1701 0.0699715 0.00259430
    1702 0.0699645 0.00259436
    1703 0.0700309 0.00259915
    1704 0.0700693 0.00260193
    1705 0.0700203 0.00260008
    1706 0.0700551 0.00259376
    1707 0.0700493 0.00256683
    1708 0.0700432 0.00255415
    1709 0.0700400 0.00255716
    1710 0.0700519 0.00256888
    1711 0.0700693 0.00259456
    1712 0.0701008 0.00261511
    1713 0.0701030 0.00261136
    1714 0.0701380 0.00260661
    1715 0.0701520 0.00262599
    1716 0.0701706 0.00262401
    1717 0.0701346 0.00262223
    1718 0.0701364 0.00262791
    1719 0.0701339 0.00261573
    1720 0.0701201 0.00261984
    1721 0.0701367 0.00262399
    1722 0.0701394 0.00262357
    1723 0.0701270 0.00262134
    1724 0.0700995 0.00262588
    1725 0.0700519 0.00263703
    1726 0.0700015 0.00264211
    1727 0.0699551 0.00265369
    1728 0.0699126 0.00264072
    1729 0.0698986 0.00262193
    1730 0.0698186 0.00262830
    1731 0.0697917 0.00265153
    1732 0.0698671 0.00266541
    1733 0.0699516 0.00267596
    1734 0.0700150 0.00269120
    1735 0.0700521 0.00266605
    1736 0.0700994 0.00264869
    1737 0.0700297 0.00265151
    1738 0.0699930 0.00261777
    1739 0.0699779 0.00262216
    1740 0.0699355 0.00264893
    1741 0.0699008 0.00265793
    1742 0.0699076 0.00268802
    1743 0.0698669 0.00268988
    1744 0.0698469 0.00265854
    1745 0.0698908 0.00265683
    1746 0.0699354 0.00264837
    1747 0.0699389 0.00264970
    1748 0.0699483 0.00268109
    1749 0.0699090 0.00268564
    1750 0.0699133 0.00267931
    1751 0.0699315 0.00267834
    1752 0.0699201 0.00265956
    1753 0.0699214 0.00265378
    1754 0.0699471 0.00266467
    1755 0.0699415 0.00266884
    1756 0.0699245 0.00267557
    1757 0.0699044 0.00267301
    1758 0.0698991 0.00265436
    1759 0.0698689 0.00264980
    1760 0.0698553 0.00265868
    1761 0.0698637 0.00266325
    1762 0.0698601 0.00266765
    1763 0.0698527 0.00267391
    1764 0.0698883 0.00267711
    1765 0.0698277 0.00267242
    1766 0.0697784 0.00267350
    1767 0.0698124 0.00269033
    1768 0.0697916 0.00271440
    1769 0.0698138 0.00271090
    1770 0.0698667 0.00269920
    1771 0.0698732 0.00268919
    1772 0.0698643 0.00263763
    1773 0.0698066 0.00264388
    1774 0.0697043 0.00272133
    1775 0.0696492 0.00273589
    1776 0.0695981 0.00275513
    1777 0.0695928 0.00273726
    1778 0.0696896 0.00263530
    1779 0.0697010 0.00260935
    1780 0.0695794 0.00257933
    1781 0.0695565 0.00253361
    1782 0.0696393 0.00258950
    1783 0.0696713 0.00261146
    1784 0.0696946 0.00258520
    1785 0.0698034 0.00262118
    1786 0.0698100 0.00260751
    1787 0.0697350 0.00264112
    1788 0.0697596 0.00273248
    1789 0.0697879 0.00275252
    1790 0.0697663 0.00282532
    1791 0.0698391 0.00284470
    1792 0.0697893 0.00279629
    1793 0.0697497 0.00284823
    1794 0.0697950 0.00288559
    1795 0.0698780 0.00295845
    1796 0.0699945 0.00303504
    1797 0.0699529 0.00308430
    1798 0.0698820 0.00313904
    1799 0.0698720 0.00308854
    1800 0.0698561 0.00315144
    1801 0.0698561 0.00315144
    1802 0.0698452 0.00317672
    1803 0.0696947 0.00347809
    1804 0.0696263 0.00366957
    1805 0.0697300 0.00395447
    1806 0.0698606 0.00418421
    1807 0.0699627 0.00448556
    1808 0.0700872 0.00481034
    1809 0.0702397 0.00503784
    1810 0.0704543 0.00531149
    1811 0.0708899 0.00552441
    1812 0.0714840 0.00576313
    1813 0.0722071 0.00619141
    1814 0.0730249 0.00691100
    1815 0.0739604 0.00799878
    1816 0.0748733 0.00921349
    1817 0.0758746 0.0108845
    1818 0.0770055 0.0129350
    1819 0.0783545 0.0155709
    1820 0.0806935 0.0167966
    1821 0.0835488 0.0193680
    1822 0.0870164 0.0231693
    1823 0.0930501 0.0265738
    1824 0.0995246 0.0321774
    1825 0.108075 0.0391538
    1826 0.118627 0.0485650
    1827 0.130269 0.0595219
    1828 0.143888 0.0726719
    1829 0.158998 0.0831251
    1830 0.177299 0.0948358
    1831 0.198679 0.105954
    1832 0.224079 0.118913
    1833 0.251793 0.133682
    1834 0.279483 0.150122
    1835 0.307488 0.167200
    1836 0.329407 0.181181
    1837 0.350722 0.199076
    1838 0.376812 0.213940
    1839 0.402751 0.231142
    1840 0.428235 0.244158
    1841 0.449840 0.252272
    1842 0.465306 0.258221
    1843 0.476886 0.261744
    1844 0.486789 0.259787
    1845 0.490860 0.255468
    1846 0.494436 0.252007
    1847 0.497406 0.239922
    1848 0.501573 0.230604
    1849 0.510719 0.237630
    1850 0.521596 0.250496
    1851 0.539558 0.257969
    1852 0.558362 0.265105
    1853 0.582386 0.264268
    1854 0.598034 0.254064
    1855 0.613684 0.250698
    1856 0.626909 0.256772
    1857 0.635722 0.266070
    1858 0.638241 0.278399
    1859 0.634618 0.287823
    1860 0.622651 0.287476
    1861 0.607161 0.285691
    1862 0.584143 0.281836
    1863 0.562018 0.276262
    1864 0.536666 0.265337
    1865 0.512570 0.250820
    1866 0.487571 0.244984
    1867 0.468707 0.243277
    1868 0.454574 0.244136
    1869 0.458160 0.239462
    1870 0.466513 0.236707
    1871 0.464685 0.240209
    1872 0.462350 0.248274
    1873 0.457621 0.253403
    1874 0.453572 0.248834
    1875 0.450761 0.245182
    1876 0.457899 0.248237
    1877 0.462394 0.253961
    1878 0.468407 0.249537
    1879 0.469793 0.245930
    1880 0.454369 0.240562
    1881 0.434383 0.233039
    1882 0.422363 0.218558
    1883 0.412953 0.206780
    1884 0.403469 0.195356
    1885 0.389847 0.180653
    1886 0.374709 0.165128
    1887 0.354807 0.146415
    1888 0.336107 0.130086
    1889 0.316031 0.123997
    1890 0.298189 0.129699
    1891 0.284277 0.124469
    1892 0.273934 0.116174
    1893 0.263650 0.106684
    1894 0.259271 0.103381
    1895 0.255398 0.104895
    1896 0.260638 0.106876
    1897 0.270769 0.113723
    1898 0.287692 0.118409
    1899 0.310661 0.134747
    1900 0.349352 0.156393
    1901 0.396968 0.174575
    1902 0.438859 0.187357
    1903 0.472561 0.202928
    1904 0.508600 0.214132
    1905 0.522867 0.218652
    1906 0.532189 0.220335
    1907 0.533958 0.218894
    1908 0.525310 0.216359
    1909 0.503938 0.207056
    1910 0.475434 0.197835
    1911 0.427607 0.184125
    1912 0.371855 0.168003
    1913 0.328471 0.149561
    1914 0.291811 0.133594
    1915 0.251941 0.117198
    1916 0.224604 0.102640
    1917 0.202325 0.0884483
    1918 0.179641 0.0745070
    1919 0.161951 0.0642745
    1920 0.150252 0.0562859
    1921 0.139877 0.0516026
    1922 0.131882 0.0464403
    1923 0.124063 0.0417319
    1924 0.114894 0.0364520
    1925 0.106417 0.0314613
    1926 0.0986439 0.0267921
    1927 0.0920670 0.0230773
    1928 0.0866359 0.0204039
    1929 0.0823040 0.0184056
    1930 0.0788170 0.0170373
    1931 0.0763424 0.0156767
    1932 0.0744930 0.0144353
    1933 0.0732126 0.0126150
    1934 0.0724076 0.0107559
    1935 0.0721551 0.00897953
    1936 0.0720329 0.0105939
    1937 0.0715014 0.00993621
    1938 0.0721623 0.00855319
    1939 0.0717780 0.00801441
    1940 0.0708522 0.00793821
    1941 0.0707413 0.00650529
    1942 0.0709534 0.00510159
    1943 0.0711431 0.00470261
    1944 0.0709906 0.00437927
    1945 0.0707845 0.00437205
    1946 0.0707778 0.00427134
    1947 0.0700623 0.00460024
    1948 0.0697613 0.00453585
    1949 0.0701206 0.00433182
    1950 0.0701188 0.00423737
    1951 0.0698142 0.00402238
    1952 0.0695700 0.00430267
    1953 0.0690075 0.00428982
    1954 0.0685817 0.00370820
    1955 0.0686838 0.00338701
    1956 0.0684297 0.00348289
    1957 0.0683765 0.00349668
    1958 0.0686101 0.00375397
    1959 0.0686458 0.00369361
    1960 0.0686376 0.00360472
    1961 0.0686727 0.00357714
    1962 0.0685037 0.00344015
    1963 0.0684849 0.00329433
    1964 0.0684162 0.00333319
    1965 0.0685307 0.00330821
    1966 0.0684142 0.00327832
    1967 0.0684009 0.00326520
    1968 0.0684599 0.00323042
    1969 0.0683362 0.00320024
    1970 0.0684413 0.00317812
    1971 0.0683052 0.00309258
    1972 0.0683536 0.00307653
    1973 0.0682695 0.00308735
    1974 0.0682738 0.00309799
    1975 0.0683541 0.00309255
    1976 0.0682758 0.00312414
    1977 0.0683610 0.00314217
    1978 0.0682216 0.00312189
    1979 0.0682762 0.00314289
    1980 0.0683240 0.00316208
    1981 0.0683675 0.00315973
    1982 0.0683590 0.00313871
    1983 0.0682520 0.00311860
    1984 0.0684257 0.00308461
    1985 0.0684392 0.00306946
    1986 0.0683539 0.00308481
    1987 0.0683084 0.00310345
    1988 0.0683773 0.00314036
    1989 0.0683891 0.00317071
    1990 0.0685559 0.00315674
    1991 0.0685199 0.00314059
    1992 0.0685088 0.00313227
    1993 0.0686492 0.00311314
    1994 0.0686581 0.00311689
    1995 0.0685978 0.00316911
    1996 0.0687247 0.00317050
    1997 0.0688320 0.00313950
    1998 0.0683425 0.00309934
    1999 0.0687137 0.00303457
    2000 0.0687271 0.00303521
    2001 0.0687809 0.00318786
    2002 0.0688156 0.00335036
    2003 0.0687151 0.00344386
    2004 0.0687652 0.00347435
    2005 0.0688382 0.00341950
    2006 0.0686650 0.00304468
    2007 0.0690712 0.00302829
    2008 0.0696126 0.00315609
    2009 0.0697233 0.00332440
    2010 0.0694507 0.00345655
    2011 0.0694596 0.00350317
    2012 0.0692114 0.00337546
    2013 0.0691527 0.00330987
    2014 0.0692546 0.00328673
    2015 0.0690847 0.00333566
    2016 0.0691839 0.00335934
    2017 0.0692798 0.00326397
    2018 0.0691395 0.00325812
    2019 0.0692993 0.00330046
    2020 0.0692487 0.00329142
    2021 0.0691659 0.00327693
    2022 0.0692093 0.00333016
    2023 0.0693725 0.00332404
    2024 0.0692353 0.00327391
    2025 0.0692296 0.00325939
    2026 0.0690571 0.00324662
    2027 0.0690937 0.00324273
    2028 0.0692800 0.00325636
    2029 0.0692256 0.00325052
    2030 0.0692231 0.00325175
    2031 0.0694185 0.00326681
    2032 0.0694902 0.00329431
    2033 0.0691265 0.00327518
    2034 0.0686854 0.00324526
    2035 0.0689220 0.00323603
    2036 0.0692294 0.00321288
    2037 0.0691972 0.00317828
    2038 0.0692298 0.00317997
    2039 0.0691909 0.00319653
    2040 0.0690193 0.00319599
    2041 0.0691124 0.00320842
    2042 0.0692497 0.00320920
    2043 0.0692049 0.00318310
    2044 0.0692159 0.00316791
    2045 0.0691540 0.00313778
    2046 0.0691536 0.00313963
    2047 0.0691655 0.00315844
    2048 0.0691888 0.00318071
    2049 0.0692068 0.00322832
    2050 0.0692287 0.00324499
    2051 0.0693220 0.00322771
    2052 0.0693196 0.00320600
    2053 0.0692101 0.00317353
    2054 0.0692131 0.00313027
    2055 0.0693267 0.00310219
    2056 0.0694137 0.00311470
    2057 0.0694070 0.00312247
    2058 0.0694481 0.00315229
    2059 0.0693573 0.00318255
    2060 0.0693688 0.00324768
    2061 0.0693625 0.00323334
    2062 0.0693536 0.00324332
    2063 0.0693084 0.00321712
    2064 0.0692914 0.00316199
    2065 0.0692921 0.00317497
    2066 0.0693146 0.00318344
    2067 0.0692937 0.00317353
    2068 0.0692316 0.00317792
    2069 0.0691612 0.00318894
    2070 0.0691075 0.00322159
    2071 0.0691753 0.00324863
    2072 0.0691476 0.00325231
    2073 0.0691366 0.00325105
    2074 0.0691147 0.00323438
    2075 0.0691661 0.00320061
    2076 0.0692210 0.00317795
    2077 0.0691631 0.00316495
    2078 0.0691902 0.00315344
    2079 0.0692034 0.00314897
    2080 0.0690887 0.00314769
    2081 0.0691136 0.00316025
    2082 0.0691950 0.00317389
    2083 0.0691135 0.00317433
    2084 0.0690796 0.00319099
    2085 0.0691300 0.00321366
    2086 0.0691063 0.00321523
    2087 0.0691749 0.00321695
    2088 0.0692392 0.00321283
    2089 0.0691548 0.00320106
    2090 0.0690630 0.00318174
    2091 0.0690301 0.00317119
    2092 0.0688894 0.00317002
    2093 0.0688924 0.00318958
    2094 0.0689099 0.00319987
    2095 0.0689477 0.00320942
    2096 0.0689887 0.00323290
    2097 0.0690423 0.00324237
    2098 0.0691204 0.00324101
    2099 0.0691178 0.00326043
    2100 0.0689930 0.00327748
    2101 0.0689714 0.00324313
    2102 0.0690774 0.00322336
    2103 0.0689941 0.00317976
    2104 0.0689732 0.00317142
    2105 0.0689619 0.00317694
    2106 0.0689838 0.00319145
    2107 0.0690609 0.00322603
    2108 0.0689197 0.00321992
    2109 0.0688882 0.00317483
    2110 0.0688611 0.00318434
    2111 0.0688626 0.00320076
    2112 0.0689425 0.00318284
    2113 0.0690998 0.00321048
    2114 0.0690784 0.00321458
    2115 0.0688531 0.00319323
    2116 0.0687130 0.00320019
    2117 0.0688143 0.00320805
    2118 0.0689351 0.00320525
    2119 0.0689434 0.00320554
    2120 0.0689506 0.00321550
    2121 0.0689217 0.00321140
    2122 0.0689272 0.00319376
    2123 0.0687271 0.00316661
    2124 0.0687461 0.00312124
    2125 0.0689707 0.00311154
    2126 0.0688814 0.00313540
    2127 0.0688469 0.00312547
    2128 0.0688009 0.00314058
    2129 0.0687857 0.00319271
    2130 0.0687895 0.00320225
    2131 0.0686060 0.00318422
    2132 0.0684039 0.00318350
    2133 0.0683072 0.00317720
    2134 0.0686034 0.00319212
    2135 0.0690487 0.00321815
    2136 0.0692302 0.00325195
    2137 0.0691634 0.00326401
    2138 0.0689818 0.00324520
    2139 0.0688209 0.00320073
    2140 0.0688404 0.00318840
    2141 0.0686544 0.00319696
    2142 0.0685663 0.00322463
    2143 0.0685140 0.00325429
    2144 0.0683424 0.00325671
    2145 0.0682946 0.00326091
    2146 0.0683972 0.00323435
    2147 0.0685763 0.00318818
    2148 0.0685354 0.00316045
    2149 0.0684824 0.00312911
    2150 0.0682602 0.00310077
    2151 0.0681627 0.00310070
    2152 0.0680657 0.00312725
    2153 0.0682134 0.00318366
    2154 0.0680871 0.00321519
    2155 0.0680897 0.00321738
    2156 0.0681087 0.00322223
    2157 0.0680064 0.00321288
    2158 0.0679858 0.00318847
    2159 0.0678653 0.00318325
    2160 0.0677332 0.00319365
    2161 0.0677642 0.00318737
    2162 0.0678092 0.00316450
    2163 0.0678072 0.00317423
    2164 0.0676324 0.00319248
    2165 0.0675909 0.00321691
    2166 0.0673451 0.00323777
    2167 0.0673190 0.00323746
    2168 0.0672423 0.00323390
    2169 0.0672074 0.00321208
    2170 0.0672088 0.00315547
    2171 0.0672512 0.00313399
    2172 0.0671714 0.00315232
    2173 0.0671777 0.00314085
    2174 0.0672022 0.00314643
    2175 0.0670970 0.00316942
    2176 0.0667607 0.00319453
    2177 0.0667269 0.00322786
    2178 0.0665703 0.00322377
    2179 0.0665791 0.00321753
    2180 0.0668873 0.00320489
    2181 0.0668992 0.00315207
    2182 0.0667923 0.00315306
    2183 0.0667582 0.00319660
    2184 0.0666639 0.00315517
    2185 0.0664178 0.00313786
    2186 0.0666043 0.00315267
    2187 0.0663309 0.00312270
    2188 0.0661057 0.00305078
    2189 0.0660705 0.00304679
    2190 0.0659524 0.00303919
    2191 0.0659847 0.00300824
    2192 0.0658609 0.00298475
    2193 0.0657404 0.00296909
    2194 0.0656340 0.00295736
    2195 0.0657028 0.00297014
    2196 0.0656712 0.00299030
    2197 0.0656026 0.00300646
    2198 0.0655330 0.00299851
    2199 0.0655313 0.00296949
    2200 0.0653900 0.00299228
    2201 0.0652955 0.00301595
    2202 0.0652046 0.00302285
    2203 0.0653209 0.00304337
    2204 0.0650591 0.00300390
    2205 0.0649181 0.00299017
    2206 0.0649206 0.00302586
    2207 0.0651353 0.00305166
    2208 0.0652369 0.00307698
    2209 0.0652328 0.00311467
    2210 0.0648683 0.00312313
    2211 0.0649580 0.00308567
    2212 0.0652842 0.00308781
    2213 0.0651579 0.00309465
    2214 0.0649297 0.00305287
    2215 0.0647410 0.00301964
    2216 0.0648555 0.00301415
    2217 0.0650823 0.00302425
    2218 0.0650756 0.00301878
    2219 0.0647466 0.00303642
    2220 0.0646891 0.00309158
    2221 0.0649713 0.00308536
    2222 0.0652711 0.00309906
    2223 0.0651214 0.00313367
    2224 0.0650905 0.00312447
    2225 0.0650615 0.00309687
    2226 0.0650711 0.00305894
    2227 0.0649078 0.00303182
    2228 0.0647457 0.00303685
    2229 0.0648160 0.00302523
    2230 0.0646334 0.00303605
    2231 0.0647504 0.00303887
    2232 0.0646296 0.00300548
    2233 0.0647230 0.00296867
    2234 0.0649250 0.00299097
    2235 0.0647614 0.00297387
    2236 0.0648486 0.00298103
    2237 0.0647846 0.00301906
    2238 0.0648312 0.00303931
    2239 0.0642411 0.00303800
    2240 0.0643796 0.00306042
    2241 0.0642899 0.00308487
    2242 0.0646677 0.00311146
    2243 0.0639922 0.00310096
    2244 0.0641207 0.00307749
    2245 0.0643105 0.00299789
    2246 0.0640616 0.00292368
    2247 0.0640611 0.00289087
    2248 0.0640081 0.00288495
    2249 0.0640156 0.00292031
    2250 0.0641857 0.00297421
    2251 0.0642808 0.00299836
    2252 0.0640490 0.00298558
    2253 0.0637875 0.00302017
    2254 0.0642669 0.00305284
    2255 0.0641800 0.00303700
    2256 0.0639773 0.00305463
    2257 0.0640001 0.00309864
    2258 0.0638945 0.00309828
    2259 0.0640038 0.00310903
    2260 0.0641719 0.00311154
    2261 0.0641942 0.00301860
    2262 0.0640710 0.00298852
    2263 0.0644327 0.00301233
    2264 0.0645590 0.00302613
    2265 0.0644993 0.00304877
    2266 0.0644926 0.00310700
    2267 0.0646962 0.00314569
    2268 0.0646265 0.00316447
    2269 0.0650035 0.00323411
    2270 0.0646518 0.00325815
    2271 0.0646755 0.00328848
    2272 0.0649703 0.00326402
    2273 0.0649044 0.00321281
    2274 0.0651824 0.00318399
    2275 0.0649199 0.00307075
    2276 0.0649036 0.00301992
    2277 0.0651418 0.00303438
    2278 0.0648573 0.00301389
    2279 0.0651512 0.00304695
    2280 0.0652563 0.00313016
    2281 0.0654820 0.00313866
    2282 0.0657290 0.00308035
    2283 0.0653886 0.00306078
    2284 0.0650824 0.00298093
    2285 0.0653806 0.00296428
    2286 0.0654774 0.00301693
    2287 0.0652606 0.00303953
    2288 0.0654387 0.00306954
    2289 0.0653251 0.00313635
    2290 0.0652618 0.00317869
    2291 0.0653810 0.00324058
    2292 0.0653270 0.00327898
    2293 0.0655537 0.00327040
    2294 0.0651675 0.00323183
    2295 0.0652200 0.00315365
    2296 0.0654053 0.00304621
    2297 0.0653349 0.00310390
    2298 0.0655608 0.00320970
    2299 0.0654821 0.00324848
    2300 0.0652656 0.00334030
    2301 0.0654643 0.00336979
    2302 0.0660581 0.00337335
    2303 0.0658074 0.00334685
    2304 0.0658109 0.00329647
    2305 0.0651544 0.00323659
    2306 0.0652418 0.00319143
    2307 0.0654750 0.00317440
    2308 0.0652488 0.00314794
    2309 0.0652932 0.00313371
    2310 0.0655611 0.00309539
    2311 0.0654592 0.00309096
    2312 0.0656518 0.00313580
    2313 0.0655344 0.00312510
    2314 0.0654662 0.00310068
    2315 0.0655136 0.00303612
    2316 0.0656387 0.00301560
    2317 0.0651813 0.00300710
    2318 0.0655186 0.00302939
    2319 0.0653801 0.00309950
    2320 0.0653521 0.00318162
    2321 0.0656048 0.00326044
    2322 0.0651102 0.00323186
    2323 0.0649532 0.00311320
    2324 0.0648864 0.00306229
    2325 0.0648145 0.00301255
    2326 0.0651435 0.00300399
    2327 0.0654742 0.00306167
    2328 0.0655958 0.00311198
    2329 0.0655986 0.00315135
    2330 0.0656376 0.00313386
    2331 0.0656913 0.00313608
    2332 0.0652611 0.00322720
    2333 0.0651491 0.00325345
    2334 0.0653238 0.00336069
    2335 0.0650256 0.00336164
    2336 0.0647559 0.00329180
    2337 0.0648062 0.00331433
    2338 0.0650160 0.00322417
    2339 0.0648488 0.00324417
    2340 0.0649637 0.00334340
    2341 0.0651137 0.00338555
    2342 0.0648498 0.00339871
    2343 0.0650559 0.00337241
    2344 0.0650093 0.00324643
    2345 0.0649216 0.00316774
    2346 0.0647424 0.00319156
    2347 0.0648208 0.00314711
    2348 0.0650137 0.00321832
    2349 0.0649990 0.00324686
    2350 0.0650557 0.00315128
    2351 0.0650297 0.00324527
    2352 0.0649527 0.00348775
    2353 0.0651752 0.00347113
    2354 0.0649362 0.00351235
    2355 0.0650023 0.00354706
    2356 0.0651691 0.00331676
    2357 0.0653131 0.00321398
    2358 0.0650164 0.00313606
    2359 0.0651200 0.00304878
    2360 0.0657155 0.00291835
    2361 0.0655495 0.00296594
    2362 0.0652947 0.00328926
    2363 0.0651209 0.00344671
    2364 0.0650782 0.00352777
    2365 0.0649778 0.00363946
    2366 0.0644760 0.00376885
    2367 0.0642052 0.00386513
    2368 0.0648711 0.00416933
    2369 0.0647578 0.00420150
    2370 0.0649908 0.00386584
    2371 0.0647554 0.00378199
    2372 0.0645136 0.00382933
    2373 0.0642974 0.00372423
    2374 0.0642940 0.00358591
    2375 0.0639968 0.00359996
    2376 0.0638473 0.00377335
    2377 0.0637620 0.00391061
    2378 0.0639765 0.00377270
    2379 0.0642566 0.00386193
    2380 0.0641289 0.00423168
    2381 0.0639700 0.00416717
    2382 0.0639235 0.00399669
    2383 0.0644986 0.00406327
    2384 0.0642409 0.00422963
    2385 0.0643394 0.00428001
    2386 0.0644665 0.00409574
    2387 0.0644021 0.00415034
    2388 0.0638706 0.00422971
    2389 0.0641315 0.00439518
    2390 0.0638417 0.00469296
    2391 0.0636127 0.00473338
    2392 0.0643473 0.00453355
    2393 0.0643643 0.00441193
    2394 0.0641908 0.00425106
    2395 0.0643018 0.00408529
    2396 0.0635602 0.00373163
    2397 0.0633232 0.00361018
    2398 0.0636926 0.00344926
    2399 0.0637588 0.00352853
    2400 0.0634307 0.00360333
    2401 0.0633210 0.00376467
    2402 0.0632292 0.00419898
    2403 0.0631404 0.00444917
    2404 0.0632931 0.00442587
    2405 0.0635001 0.00449686
    2406 0.0636068 0.00463312
    2407 0.0635263 0.00464017
    2408 0.0627238 0.00413564
    2409 0.0624656 0.00391205
    2410 0.0625216 0.00387892
    2411 0.0627145 0.00415822
    2412 0.0622906 0.00446169
    2413 0.0617533 0.00488798
    2414 0.0614450 0.00510260
    2415 0.0610777 0.00524516
    2416 0.0614633 0.00476936
    2417 0.0618142 0.00472636
    2418 0.0624173 0.00522945
    2419 0.0626272 0.00545046
    2420 0.0628229 0.00544000
    2421 0.0631433 0.00538951
    2422 0.0633156 0.00447111
    2423 0.0628385 0.00429348
    2424 0.0622939 0.00454017
    2425 0.0623312 0.00483526
    2426 0.0625129 0.00504428
    2427 0.0621035 0.00509157
    2428 0.0619472 0.00488913
    2429 0.0616444 0.00506026
    2430 0.0606403 0.00498802
    2431 0.0602858 0.00506760
    2432 0.0599650 0.00495536
    2433 0.0603449 0.00509835
    2434 0.0619590 0.00496132
    2435 0.0619113 0.00508074
    2436 0.0609920 0.00493301
    2437 0.0606402 0.00502493
    2438 0.0594472 0.00465216
    2439 0.0594289 0.00486420
    2440 0.0607441 0.00610943
    2441 0.0610464 0.00642763
    2442 0.0619257 0.00620227
    2443 0.0626992 0.00653167
    2444 0.0623172 0.00625444
    2445 0.0615048 0.00722648
    2446 0.0601118 0.00809358
    2447 0.0589571 0.00952574
    2448 0.0563281 0.0106259
    2449 0.0552967 0.0113833
    2450 0.0571611 0.0127560
    2451 0.0582351 0.0129477
    2452 0.0596722 0.0118415
    2453 0.0605617 0.0111094
    2454 0.0610427 0.0106047
    2455 0.0601791 0.00807708
    2456 0.0603334 0.00782208
    2457 0.0602854 0.00756515
    2458 0.0600544 0.00733886
    2459 0.0596513 0.00714694
    2460 0.0591415 0.00710291
    2461 0.0586178 0.00713112
    2462 0.0580382 0.00733577
    2463 0.0574889 0.00756508
    2464 0.0570649 0.00772575
    2465 0.0568009 0.00790694
    2466 0.0566643 0.00828059
    2467 0.0568424 0.00866110
    2468 0.0570091 0.00921440
    2469 0.0566146 0.0102252
    2470 0.0559788 0.0113926
    2471 0.0549790 0.0126566
    2472 0.0537022 0.0141147
    2473 0.0525178 0.0154272
    2474 0.0512889 0.0165566
    2475 0.0499989 0.0171831
    2476 0.0485876 0.0176429
    2477 0.0471947 0.0179025
    2478 0.0458592 0.0188303
    2479 0.0445201 0.0204816
    2480 0.0444211 0.0226058
    2481 0.0468296 0.0261365
    2482 0.0501856 0.0316638
    2483 0.0539622 0.0379430
    2484 0.0581677 0.0451415
    2485 0.0626954 0.0497790
    2486 0.0658767 0.0523338
    2487 0.0678912 0.0530543
    2488 0.0692252 0.0541484
    2489 0.0697882 0.0549924
    2490 0.0700402 0.0559178
    2491 0.0689581 0.0549788
    2492 0.0658978 0.0524533
    2493 0.0635013 0.0497135
    2494 0.0608152 0.0449262
    2495 0.0578892 0.0390623
    2496 0.0397995 0.0473819
    2497 0.0419640 0.0506297
    2498 0.0549908 0.0635403
    2499 0.0537463 0.0673074
    2500 0.0562944 0.0671392
