350.000000  0.049418  0.002895
351.000000  0.049550  0.002899
352.000000  0.049780  0.002930
353.000000  0.050124  0.002902
354.000000  0.050538  0.002872
355.000000  0.050986  0.002869
356.000000  0.051078  0.002825
357.000000  0.051345  0.002820
358.000000  0.051758  0.002821
359.000000  0.052192  0.002802
360.000000  0.052224  0.002772
361.000000  0.052437  0.002765
362.000000  0.052824  0.002773
363.000000  0.053371  0.002783
364.000000  0.053773  0.002769
365.000000  0.054155  0.002748
366.000000  0.054430  0.002753
367.000000  0.054499  0.002814
368.000000  0.054983  0.002817
369.000000  0.055428  0.002812
370.000000  0.055705  0.002824
371.000000  0.056248  0.002831
372.000000  0.056599  0.002863
373.000000  0.057040  0.002900
374.000000  0.057499  0.002904
375.000000  0.058415  0.002913
376.000000  0.058849  0.002960
377.000000  0.059135  0.003023
378.000000  0.059866  0.003056
379.000000  0.060395  0.003086
380.000000  0.061071  0.003095
381.000000  0.061756  0.003093
382.000000  0.062432  0.003131
383.000000  0.063239  0.003142
384.000000  0.063886  0.003181
385.000000  0.064431  0.003245
386.000000  0.065283  0.003226
387.000000  0.065826  0.003256
388.000000  0.066365  0.003299
389.000000  0.067059  0.003304
390.000000  0.067661  0.003324
391.000000  0.068406  0.003347
392.000000  0.068979  0.003365
393.000000  0.069466  0.003391
394.000000  0.070099  0.003399
395.000000  0.070656  0.003395
396.000000  0.071300  0.003390
397.000000  0.071895  0.003376
398.000000  0.072377  0.003415
399.000000  0.072831  0.003441
400.000000  0.073375  0.003438
401.000000  0.073674  0.003453
402.000000  0.074028  0.003472
403.000000  0.074521  0.003498
404.000000  0.074988  0.003523
405.000000  0.075524  0.003534
406.000000  0.075843  0.003551
407.000000  0.076265  0.003579
408.000000  0.076824  0.003590
409.000000  0.077407  0.003616
410.000000  0.077865  0.003649
411.000000  0.078381  0.003680
412.000000  0.079013  0.003682
413.000000  0.079447  0.003720
414.000000  0.079904  0.003765
415.000000  0.080401  0.003779
416.000000  0.080906  0.003795
417.000000  0.081484  0.003819
418.000000  0.082276  0.003862
419.000000  0.082749  0.003899
420.000000  0.083433  0.003931
421.000000  0.083924  0.003955
422.000000  0.084449  0.003984
423.000000  0.085496  0.004022
424.000000  0.086083  0.004044
425.000000  0.086738  0.004076
426.000000  0.087430  0.004113
427.000000  0.088353  0.004137
428.000000  0.089191  0.004182
429.000000  0.090022  0.004234
430.000000  0.090835  0.004261
431.000000  0.091740  0.004295
432.000000  0.092653  0.004339
433.000000  0.093483  0.004379
434.000000  0.094454  0.004408
435.000000  0.095311  0.004449
436.000000  0.096080  0.004490
437.000000  0.096927  0.004527
438.000000  0.097654  0.004573
439.000000  0.098473  0.004606
440.000000  0.099345  0.004637
441.000000  0.100211  0.004681
442.000000  0.101007  0.004716
443.000000  0.101836  0.004750
444.000000  0.102654  0.004785
445.000000  0.103383  0.004826
446.000000  0.104054  0.004852
447.000000  0.104827  0.004888
448.000000  0.105552  0.004933
449.000000  0.106249  0.004954
450.000000  0.106800  0.004979
451.000000  0.107495  0.005016
452.000000  0.108105  0.005043
453.000000  0.108661  0.005068
454.000000  0.109170  0.005101
455.000000  0.109609  0.005134
456.000000  0.110149  0.005156
457.000000  0.110624  0.005183
458.000000  0.111065  0.005214
459.000000  0.111432  0.005243
460.000000  0.111704  0.005265
461.000000  0.112203  0.005284
462.000000  0.112705  0.005301
463.000000  0.113071  0.005325
464.000000  0.113500  0.005340
465.000000  0.114029  0.005374
466.000000  0.114284  0.005405
467.000000  0.114655  0.005430
468.000000  0.114882  0.005456
469.000000  0.115076  0.005480
470.000000  0.115377  0.005502
471.000000  0.115670  0.005526
472.000000  0.116092  0.005539
473.000000  0.116621  0.005560
474.000000  0.116891  0.005593
475.000000  0.117154  0.005623
476.000000  0.117651  0.005646
477.000000  0.118217  0.005663
478.000000  0.118453  0.005684
479.000000  0.118738  0.005692
480.000000  0.119163  0.005713
481.000000  0.119474  0.005746
482.000000  0.120039  0.005773
483.000000  0.120605  0.005801
484.000000  0.121220  0.005826
485.000000  0.122114  0.005849
486.000000  0.122732  0.005879
487.000000  0.123303  0.005914
488.000000  0.123866  0.005947
489.000000  0.124489  0.005976
490.000000  0.125098  0.006005
491.000000  0.125675  0.006038
492.000000  0.126185  0.006073
493.000000  0.126912  0.006091
494.000000  0.127621  0.006130
495.000000  0.128384  0.006177
496.000000  0.129180  0.006198
497.000000  0.130045  0.006232
498.000000  0.130847  0.006262
499.000000  0.131602  0.006290
500.000000  0.132241  0.006334
501.000000  0.132861  0.006373
502.000000  0.133592  0.006405
503.000000  0.134519  0.006438
504.000000  0.135232  0.006479
505.000000  0.136181  0.006506
506.000000  0.137373  0.006532
507.000000  0.138293  0.006566
508.000000  0.139120  0.006601
509.000000  0.139922  0.006642
510.000000  0.140641  0.006684
511.000000  0.141463  0.006715
512.000000  0.142103  0.006753
513.000000  0.142653  0.006795
514.000000  0.143488  0.006838
515.000000  0.144373  0.006873
516.000000  0.145270  0.006909
517.000000  0.146228  0.006944
518.000000  0.147396  0.006973
519.000000  0.148263  0.007009
520.000000  0.149021  0.007044
521.000000  0.150005  0.007078
522.000000  0.150809  0.007103
523.000000  0.151562  0.007134
524.000000  0.152374  0.007180
525.000000  0.152991  0.007226
526.000000  0.153888  0.007263
527.000000  0.154774  0.007293
528.000000  0.155622  0.007320
529.000000  0.156546  0.007343
530.000000  0.157525  0.007372
531.000000  0.158456  0.007408
532.000000  0.159147  0.007440
533.000000  0.160059  0.007463
534.000000  0.160800  0.007497
535.000000  0.161357  0.007543
536.000000  0.161967  0.007592
537.000000  0.162625  0.007633
538.000000  0.163274  0.007662
539.000000  0.164090  0.007690
540.000000  0.164893  0.007719
541.000000  0.165651  0.007754
542.000000  0.166414  0.007789
543.000000  0.167276  0.007821
544.000000  0.168289  0.007853
545.000000  0.169122  0.007873
546.000000  0.169896  0.007894
547.000000  0.170741  0.007930
548.000000  0.171547  0.007944
549.000000  0.172450  0.007967
550.000000  0.173123  0.008004
551.000000  0.173459  0.008040
552.000000  0.174120  0.008078
553.000000  0.174694  0.008102
554.000000  0.175324  0.008132
555.000000  0.176331  0.008151
556.000000  0.177093  0.008180
557.000000  0.177516  0.008219
558.000000  0.178393  0.008251
559.000000  0.179254  0.008288
560.000000  0.179914  0.008321
561.000000  0.180713  0.008359
562.000000  0.181579  0.008397
563.000000  0.182287  0.008438
564.000000  0.182861  0.008487
565.000000  0.183349  0.008541
566.000000  0.183909  0.008574
567.000000  0.184499  0.008614
568.000000  0.184758  0.008655
569.000000  0.185142  0.008685
570.000000  0.185782  0.008706
571.000000  0.186402  0.008708
572.000000  0.187197  0.008713
573.000000  0.187962  0.008739
574.000000  0.188354  0.008745
575.000000  0.189181  0.008761
576.000000  0.189889  0.008772
577.000000  0.190397  0.008794
578.000000  0.190947  0.008826
579.000000  0.191410  0.008853
580.000000  0.191645  0.008889
581.000000  0.191734  0.008953
582.000000  0.191714  0.009010
583.000000  0.192087  0.009028
584.000000  0.192587  0.009060
585.000000  0.192906  0.009080
586.000000  0.193480  0.009096
587.000000  0.194021  0.009088
588.000000  0.194046  0.009097
589.000000  0.194151  0.009131
590.000000  0.194457  0.009146
591.000000  0.195731  0.009142
592.000000  0.196511  0.009130
593.000000  0.196990  0.009145
594.000000  0.196999  0.009176
595.000000  0.196991  0.009212
596.000000  0.196943  0.009258
597.000000  0.196831  0.009303
598.000000  0.197357  0.009329
599.000000  0.197673  0.009352
600.000000  0.197927  0.009379
601.000000  0.198289  0.009403
602.000000  0.198377  0.009430
603.000000  0.198577  0.009461
604.000000  0.198801  0.009489
605.000000  0.198933  0.009516
606.000000  0.199415  0.009522
607.000000  0.200070  0.009512
608.000000  0.200782  0.009503
609.000000  0.201438  0.009508
610.000000  0.201649  0.009530
611.000000  0.201324  0.009564
612.000000  0.201027  0.009615
613.000000  0.200837  0.009691
614.000000  0.201047  0.009701
615.000000  0.202267  0.009672
616.000000  0.202924  0.009668
617.000000  0.203116  0.009682
618.000000  0.202998  0.009719
619.000000  0.202720  0.009770
620.000000  0.202693  0.009793
621.000000  0.203059  0.009808
622.000000  0.203505  0.009814
623.000000  0.203776  0.009813
624.000000  0.203917  0.009838
625.000000  0.204280  0.009855
626.000000  0.205098  0.009856
627.000000  0.205206  0.009856
628.000000  0.205105  0.009889
629.000000  0.204834  0.009932
630.000000  0.204806  0.009955
631.000000  0.205156  0.009972
632.000000  0.205339  0.009985
633.000000  0.205354  0.010011
634.000000  0.205269  0.010053
635.000000  0.205297  0.010078
636.000000  0.205543  0.010079
637.000000  0.206069  0.010070
638.000000  0.206197  0.010062
639.000000  0.206802  0.010058
640.000000  0.207471  0.010058
641.000000  0.207761  0.010073
642.000000  0.207530  0.010093
643.000000  0.207787  0.010111
644.000000  0.208452  0.010102
645.000000  0.209047  0.010083
646.000000  0.209196  0.010103
647.000000  0.209212  0.010139
648.000000  0.209217  0.010150
649.000000  0.208887  0.010183
650.000000  0.208509  0.010220
651.000000  0.208349  0.010256
652.000000  0.207898  0.010269
653.000000  0.208373  0.010265
654.000000  0.209240  0.010255
655.000000  0.209842  0.010253
656.000000  0.209929  0.010279
657.000000  0.209543  0.010294
658.000000  0.209855  0.010331
659.000000  0.209870  0.010342
660.000000  0.209704  0.010385
661.000000  0.209672  0.010404
662.000000  0.210050  0.010397
663.000000  0.210289  0.010387
664.000000  0.209711  0.010454
665.000000  0.208671  0.010553
666.000000  0.208230  0.010612
667.000000  0.209328  0.010553
668.000000  0.210340  0.010514
669.000000  0.210616  0.010519
670.000000  0.210474  0.010556
671.000000  0.211083  0.010551
672.000000  0.211193  0.010567
673.000000  0.210682  0.010637
674.000000  0.210025  0.010681
675.000000  0.210623  0.010666
676.000000  0.212176  0.010628
677.000000  0.213368  0.010593
678.000000  0.213843  0.010594
679.000000  0.213649  0.010615
680.000000  0.213531  0.010660
681.000000  0.213581  0.010676
682.000000  0.214130  0.010669
683.000000  0.214223  0.010699
684.000000  0.213107  0.010757
685.000000  0.212791  0.010807
686.000000  0.212968  0.010809
687.000000  0.214076  0.010803
688.000000  0.214999  0.010788
689.000000  0.215085  0.010810
690.000000  0.214658  0.010857
691.000000  0.213995  0.010899
692.000000  0.213913  0.010922
693.000000  0.214983  0.010895
694.000000  0.216185  0.010848
695.000000  0.216993  0.010833
696.000000  0.216577  0.010864
697.000000  0.216025  0.010905
698.000000  0.215467  0.010944
699.000000  0.215214  0.010984
700.000000  0.215921  0.010975
701.000000  0.217438  0.010933
702.000000  0.218637  0.010890
703.000000  0.218739  0.010888
704.000000  0.218859  0.010906
705.000000  0.218503  0.010929
706.000000  0.218116  0.010980
707.000000  0.217526  0.011006
708.000000  0.217887  0.011006
709.000000  0.218679  0.010992
710.000000  0.219074  0.010990
711.000000  0.219062  0.011013
712.000000  0.218209  0.011076
713.000000  0.217261  0.011155
714.000000  0.217933  0.011151
715.000000  0.218833  0.011123
716.000000  0.219303  0.011121
717.000000  0.219138  0.011160
718.000000  0.219276  0.011177
719.000000  0.219624  0.011193
720.000000  0.220195  0.011190
721.000000  0.220954  0.011169
722.000000  0.220805  0.011190
723.000000  0.220985  0.011195
724.000000  0.221737  0.011176
725.000000  0.222505  0.011179
726.000000  0.222697  0.011199
727.000000  0.222800  0.011210
728.000000  0.223238  0.011207
729.000000  0.223627  0.011217
730.000000  0.223637  0.011237
731.000000  0.223509  0.011258
732.000000  0.223566  0.011272
733.000000  0.223667  0.011288
734.000000  0.223765  0.011309
735.000000  0.224147  0.011318
736.000000  0.225018  0.011287
737.000000  0.225785  0.011292
738.000000  0.226154  0.011314
739.000000  0.226175  0.011329
740.000000  0.226627  0.011345
741.000000  0.226792  0.011350
742.000000  0.226868  0.011365
743.000000  0.226960  0.011404
744.000000  0.226200  0.011470
745.000000  0.225845  0.011536
746.000000  0.226115  0.011571
747.000000  0.226575  0.011574
748.000000  0.226625  0.011594
749.000000  0.227063  0.011593
750.000000  0.228155  0.011573
751.000000  0.228605  0.011579
752.000000  0.229242  0.011575
753.000000  0.229575  0.011580
754.000000  0.229490  0.011624
755.000000  0.229636  0.011649
756.000000  0.229642  0.011678
757.000000  0.229778  0.011715
758.000000  0.230197  0.011726
759.000000  0.230775  0.011715
760.000000  0.231362  0.011733
761.000000  0.231754  0.011821
762.000000  0.232402  0.011813
763.000000  0.232351  0.011846
764.000000  0.232594  0.011854
765.000000  0.233754  0.011832
766.000000  0.234343  0.011821
767.000000  0.235055  0.011814
768.000000  0.235231  0.011837
769.000000  0.234026  0.011907
770.000000  0.232668  0.012022
771.000000  0.232057  0.012094
772.000000  0.232591  0.012102
773.000000  0.233538  0.012083
774.000000  0.234659  0.012044
775.000000  0.235317  0.012040
776.000000  0.235292  0.012081
777.000000  0.235182  0.012116
778.000000  0.234819  0.012171
779.000000  0.234281  0.012257
780.000000  0.233606  0.012338
781.000000  0.234160  0.012323
782.000000  0.235200  0.012293
783.000000  0.236177  0.012270
784.000000  0.236956  0.012255
785.000000  0.237302  0.012283
786.000000  0.237476  0.012307
787.000000  0.237621  0.012319
788.000000  0.237614  0.012362
789.000000  0.237579  0.012408
790.000000  0.237933  0.012414
791.000000  0.238781  0.012391
792.000000  0.238722  0.012419
793.000000  0.238753  0.012437
794.000000  0.238792  0.012461
795.000000  0.238589  0.012523
796.000000  0.238264  0.012581
797.000000  0.238142  0.012617
798.000000  0.238463  0.012626
799.000000  0.239119  0.012607
800.000000  0.240323  0.012559
801.000000  0.241125  0.012546
802.000000  0.241164  0.012577
803.000000  0.240987  0.012615
804.000000  0.240938  0.012635
805.000000  0.240726  0.012674
806.000000  0.240318  0.012737
807.000000  0.240796  0.012728
808.000000  0.241224  0.012712
809.000000  0.241800  0.012709
810.000000  0.242460  0.012708
811.000000  0.242350  0.012737
812.000000  0.241664  0.012812
813.000000  0.240775  0.012909
814.000000  0.240473  0.012962
815.000000  0.241746  0.012897
816.000000  0.243575  0.012822
817.000000  0.244474  0.012795
818.000000  0.243764  0.012818
819.000000  0.242409  0.012890
820.000000  0.240977  0.013004
821.000000  0.240056  0.013136
822.000000  0.239816  0.013187
823.000000  0.240027  0.013168
824.000000  0.240913  0.013099
825.000000  0.242314  0.013029
826.000000  0.243030  0.013004
827.000000  0.243179  0.013020
828.000000  0.243424  0.013030
829.000000  0.244356  0.012995
830.000000  0.244546  0.013008
831.000000  0.244218  0.013037
832.000000  0.243745  0.013053
833.000000  0.243978  0.013058
834.000000  0.244402  0.013052
835.000000  0.244461  0.013073
836.000000  0.243923  0.013122
837.000000  0.243118  0.013170
838.000000  0.242538  0.013210
839.000000  0.242048  0.013247
840.000000  0.241648  0.013285
841.000000  0.241649  0.013301
842.000000  0.242372  0.013278
843.000000  0.242988  0.013255
844.000000  0.243204  0.013271
845.000000  0.244282  0.013248
846.000000  0.244317  0.013238
847.000000  0.243821  0.013257
848.000000  0.243560  0.013288
849.000000  0.243059  0.013337
850.000000  0.242460  0.013381
851.000000  0.242164  0.013406
852.000000  0.242527  0.013399
853.000000  0.243318  0.013365
854.000000  0.243972  0.013341
855.000000  0.243931  0.013352
856.000000  0.242665  0.013394
857.000000  0.242368  0.013418
858.000000  0.242789  0.013445
859.000000  0.242675  0.013460
860.000000  0.242148  0.013499
861.000000  0.242504  0.013475
862.000000  0.243982  0.013442
863.000000  0.245239  0.013422
864.000000  0.245033  0.013428
865.000000  0.244716  0.013453
866.000000  0.244019  0.013483
867.000000  0.243489  0.013550
868.000000  0.242937  0.013579
869.000000  0.243300  0.013563
870.000000  0.243881  0.013551
871.000000  0.243733  0.013577
872.000000  0.243547  0.013591
873.000000  0.243543  0.013615
874.000000  0.243187  0.013651
875.000000  0.242008  0.013693
876.000000  0.241890  0.013703
877.000000  0.242132  0.013689
878.000000  0.242426  0.013695
879.000000  0.242325  0.013725
880.000000  0.242926  0.013713
881.000000  0.243097  0.013722
882.000000  0.243258  0.013732
883.000000  0.243425  0.013748
884.000000  0.243547  0.013763
885.000000  0.243725  0.013777
886.000000  0.243858  0.013789
887.000000  0.243919  0.013804
888.000000  0.243951  0.013821
889.000000  0.244023  0.013835
890.000000  0.244022  0.013854
891.000000  0.243926  0.013870
892.000000  0.243914  0.013881
893.000000  0.243937  0.013889
894.000000  0.244003  0.013894
895.000000  0.244144  0.013901
896.000000  0.244206  0.013910
897.000000  0.244207  0.013925
898.000000  0.244346  0.013935
899.000000  0.244433  0.013947
900.000000  0.244410  0.013963
901.000000  0.244528  0.013976
902.000000  0.244607  0.013992
903.000000  0.244615  0.014010
904.000000  0.244642  0.014029
905.000000  0.244653  0.014047
906.000000  0.244726  0.014062
907.000000  0.244863  0.014077
908.000000  0.245003  0.014091
909.000000  0.245039  0.014107
910.000000  0.245209  0.014121
911.000000  0.245389  0.014134
912.000000  0.245466  0.014144
913.000000  0.245910  0.014149
914.000000  0.246282  0.014160
915.000000  0.246493  0.014178
916.000000  0.246619  0.014203
917.000000  0.246561  0.014234
918.000000  0.246415  0.014267
919.000000  0.246289  0.014300
920.000000  0.246065  0.014331
921.000000  0.245792  0.014362
922.000000  0.245414  0.014397
923.000000  0.245106  0.014437
924.000000  0.244729  0.014472
925.000000  0.244816  0.014486
926.000000  0.245033  0.014486
927.000000  0.245314  0.014486
928.000000  0.245801  0.014485
929.000000  0.246432  0.014476
930.000000  0.246965  0.014499
931.000000  0.247619  0.014528
932.000000  0.248392  0.014545
933.000000  0.249135  0.014573
934.000000  0.249763  0.014618
935.000000  0.250360  0.014653
936.000000  0.250883  0.014681
937.000000  0.251140  0.014731
938.000000  0.251386  0.014745
939.000000  0.251335  0.014758
940.000000  0.251140  0.014793
941.000000  0.251492  0.014785
942.000000  0.251628  0.014799
943.000000  0.251324  0.014845
944.000000  0.251381  0.014875
945.000000  0.251888  0.014850
946.000000  0.251787  0.014881
947.000000  0.251373  0.014936
948.000000  0.251388  0.014953
949.000000  0.251248  0.014998
950.000000  0.251340  0.015029
951.000000  0.251500  0.015038
952.000000  0.251082  0.015063
953.000000  0.250864  0.015070
954.000000  0.251072  0.015064
955.000000  0.251377  0.015051
956.000000  0.251304  0.015090
957.000000  0.251207  0.015136
958.000000  0.251292  0.015155
959.000000  0.251206  0.015195
960.000000  0.251221  0.015227
961.000000  0.251308  0.015238
962.000000  0.251063  0.015267
963.000000  0.251260  0.015309
964.000000  0.251269  0.015341
965.000000  0.251001  0.015398
966.000000  0.250471  0.015475
967.000000  0.249796  0.015547
968.000000  0.249696  0.015577
969.000000  0.249839  0.015610
970.000000  0.250100  0.015627
971.000000  0.250174  0.015658
972.000000  0.250175  0.015713
973.000000  0.250693  0.015737
974.000000  0.250588  0.015755
975.000000  0.250817  0.015798
976.000000  0.251276  0.015832
977.000000  0.251596  0.015861
978.000000  0.252013  0.015878
979.000000  0.252148  0.015918
980.000000  0.251892  0.015954
981.000000  0.251973  0.015995
982.000000  0.252097  0.016035
983.000000  0.252129  0.016077
984.000000  0.252015  0.016132
985.000000  0.252347  0.016183
986.000000  0.252506  0.016207
987.000000  0.252662  0.016228
988.000000  0.252836  0.016256
989.000000  0.252896  0.016293
990.000000  0.253205  0.016314
991.000000  0.253728  0.016342
992.000000  0.253663  0.016366
993.000000  0.253666  0.016388
994.000000  0.253831  0.016407
995.000000  0.253969  0.016406
996.000000  0.254024  0.016413
997.000000  0.254080  0.016432
998.000000  0.254135  0.016437
999.000000  0.254329  0.016435
1000.000000 0.254497  0.016426
1001.000000 0.254538  0.016425
1002.000000 0.254358  0.016432
1003.000000 0.254374  0.016440
1004.000000 0.254523  0.016439
1005.000000 0.254642  0.016430
1006.000000 0.254802  0.016430
1007.000000 0.254973  0.016431
1008.000000 0.255073  0.016434
1009.000000 0.254974  0.016442
1010.000000 0.254827  0.016450
1011.000000 0.254808  0.016463
1012.000000 0.254924  0.016470
1013.000000 0.255101  0.016471
1014.000000 0.255147  0.016468
1015.000000 0.255151  0.016465
1016.000000 0.255070  0.016467
1017.000000 0.254982  0.016474
1018.000000 0.254971  0.016474
1019.000000 0.255089  0.016471
1020.000000 0.255361  0.016465
1021.000000 0.254835  0.016464
1022.000000 0.255488  0.016462
1023.000000 0.256226  0.016460
1024.000000 0.256930  0.016444
1025.000000 0.257439  0.016449
1026.000000 0.257794  0.016462
1027.000000 0.258059  0.016453
1028.000000 0.258166  0.016452
1029.000000 0.258162  0.016480
1030.000000 0.257274  0.016459
1031.000000 0.257188  0.016465
1032.000000 0.256935  0.016500
1033.000000 0.257106  0.016501
1034.000000 0.257515  0.016499
1035.000000 0.257383  0.016473
1036.000000 0.257781  0.016438
1037.000000 0.257739  0.016461
1038.000000 0.256953  0.016492
1039.000000 0.256767  0.016467
1040.000000 0.257252  0.016497
1041.000000 0.257030  0.016485
1042.000000 0.257041  0.016479
1043.000000 0.257819  0.016454
1044.000000 0.258127  0.016447
1045.000000 0.258326  0.016445
1046.000000 0.259295  0.016440
1047.000000 0.259524  0.016418
1048.000000 0.259577  0.016415
1049.000000 0.258909  0.016409
1050.000000 0.258559  0.016389
1051.000000 0.259188  0.016382
1052.000000 0.259324  0.016407
1053.000000 0.259323  0.016436
1054.000000 0.259304  0.016467
1055.000000 0.258811  0.016499
1056.000000 0.258114  0.016548
1057.000000 0.257752  0.016546
1058.000000 0.258088  0.016526
1059.000000 0.258433  0.016507
1060.000000 0.258384  0.016500
1061.000000 0.258063  0.016509
1062.000000 0.257819  0.016519
1063.000000 0.257594  0.016526
1064.000000 0.257371  0.016534
1065.000000 0.257709  0.016532
1066.000000 0.257959  0.016547
1067.000000 0.257797  0.016569
1068.000000 0.257483  0.016581
1069.000000 0.257095  0.016585
1070.000000 0.256424  0.016658
1071.000000 0.255859  0.016695
1072.000000 0.255978  0.016666
1073.000000 0.256394  0.016689
1074.000000 0.256661  0.016688
1075.000000 0.256226  0.016686
1076.000000 0.255929  0.016709
1077.000000 0.256214  0.016693
1078.000000 0.256416  0.016679
1079.000000 0.256832  0.016659
1080.000000 0.257111  0.016645
1081.000000 0.257343  0.016637
1082.000000 0.257371  0.016655
1083.000000 0.257583  0.016662
1084.000000 0.257913  0.016655
1085.000000 0.258282  0.016671
1086.000000 0.258270  0.016706
1087.000000 0.257996  0.016735
1088.000000 0.258041  0.016711
1089.000000 0.258389  0.016649
1090.000000 0.259249  0.016605
1091.000000 0.259714  0.016589
1092.000000 0.259547  0.016602
1093.000000 0.259828  0.016602
1094.000000 0.260146  0.016592
1095.000000 0.260687  0.016576
1096.000000 0.260996  0.016574
1097.000000 0.261621  0.016568
1098.000000 0.261541  0.016587
1099.000000 0.260477  0.016628
1100.000000 0.259992  0.016659
1101.000000 0.259855  0.016702
1102.000000 0.260111  0.016712
1103.000000 0.260762  0.016711
1104.000000 0.261029  0.016728
1105.000000 0.261316  0.016719
1106.000000 0.261321  0.016741
1107.000000 0.260960  0.016773
1108.000000 0.261182  0.016779
1109.000000 0.261269  0.016804
1110.000000 0.260936  0.016843
1111.000000 0.260896  0.016855
1112.000000 0.260904  0.016875
1113.000000 0.261371  0.016881
1114.000000 0.262378  0.016848
1115.000000 0.263626  0.016811
1116.000000 0.263556  0.016787
1117.000000 0.264422  0.016807
1118.000000 0.263302  0.016858
1119.000000 0.261548  0.016975
1120.000000 0.262232  0.016949
1121.000000 0.260771  0.017046
1122.000000 0.260011  0.017130
1123.000000 0.259755  0.017164
1124.000000 0.259059  0.017163
1125.000000 0.257866  0.017187
1126.000000 0.258168  0.017133
1127.000000 0.258905  0.016951
1128.000000 0.260181  0.016874
1129.000000 0.263290  0.016844
1130.000000 0.263920  0.016867
1131.000000 0.263865  0.016959
1132.000000 0.264338  0.016995
1133.000000 0.263144  0.017062
1134.000000 0.262456  0.017149
1135.000000 0.262338  0.017173
1136.000000 0.262106  0.017151
1137.000000 0.261780  0.017180
1138.000000 0.260981  0.017244
1139.000000 0.261079  0.017265
1140.000000 0.261669  0.017270
1141.000000 0.261673  0.017288
1142.000000 0.261431  0.017353
1143.000000 0.262133  0.017314
1144.000000 0.263493  0.017188
1145.000000 0.263906  0.017160
1146.000000 0.265038  0.017137
1147.000000 0.266755  0.017071
1148.000000 0.265940  0.017112
1149.000000 0.264385  0.017219
1150.000000 0.263279  0.017306
1151.000000 0.261348  0.017471
1152.000000 0.261123  0.017503
1153.000000 0.261382  0.017505
1154.000000 0.262098  0.017455
1155.000000 0.264166  0.017311
1156.000000 0.265030  0.017273
1157.000000 0.265636  0.017239
1158.000000 0.265950  0.017223
1159.000000 0.265737  0.017224
1160.000000 0.265617  0.017243
1161.000000 0.265365  0.017283
1162.000000 0.265705  0.017284
1163.000000 0.266648  0.017242
1164.000000 0.266711  0.017248
1165.000000 0.266878  0.017265
1166.000000 0.266924  0.017280
1167.000000 0.267063  0.017284
1168.000000 0.266978  0.017309
1169.000000 0.267283  0.017306
1170.000000 0.267732  0.017276
1171.000000 0.268502  0.017263
1172.000000 0.269583  0.017250
1173.000000 0.270151  0.017246
1174.000000 0.270765  0.017234
1175.000000 0.271244  0.017231
1176.000000 0.271385  0.017234
1177.000000 0.271402  0.017232
1178.000000 0.271690  0.017246
1179.000000 0.272272  0.017266
1180.000000 0.272299  0.017268
1181.000000 0.271994  0.017270
1182.000000 0.272071  0.017273
1183.000000 0.272111  0.017268
1184.000000 0.272336  0.017283
1185.000000 0.272853  0.017297
1186.000000 0.272817  0.017302
1187.000000 0.272352  0.017311
1188.000000 0.272196  0.017318
1189.000000 0.271703  0.017322
1190.000000 0.271495  0.017318
1191.000000 0.271760  0.017321
1192.000000 0.272031  0.017317
1193.000000 0.272410  0.017311
1194.000000 0.273527  0.017313
1195.000000 0.273835  0.017316
1196.000000 0.274085  0.017327
1197.000000 0.274113  0.017334
1198.000000 0.273631  0.017342
1199.000000 0.273301  0.017354
1200.000000 0.272757  0.017368
1201.000000 0.272605  0.017383
1202.000000 0.272378  0.017402
1203.000000 0.272336  0.017404
1204.000000 0.273024  0.017396
1205.000000 0.273278  0.017405
1206.000000 0.272930  0.017410
1207.000000 0.272824  0.017401
1208.000000 0.272564  0.017388
1209.000000 0.272536  0.017381
1210.000000 0.272757  0.017382
1211.000000 0.273404  0.017366
1212.000000 0.273773  0.017352
1213.000000 0.274424  0.017363
1214.000000 0.274791  0.017358
1215.000000 0.275229  0.017335
1216.000000 0.275547  0.017341
1217.000000 0.275219  0.017338
1218.000000 0.275338  0.017337
1219.000000 0.275508  0.017369
1220.000000 0.275874  0.017364
1221.000000 0.276848  0.017344
1222.000000 0.277370  0.017333
1223.000000 0.278016  0.017326
1224.000000 0.278541  0.017317
1225.000000 0.278823  0.017308
1226.000000 0.279124  0.017302
1227.000000 0.279404  0.017296
1228.000000 0.279921  0.017298
1229.000000 0.280230  0.017297
1230.000000 0.280470  0.017299
1231.000000 0.280456  0.017292
1232.000000 0.280317  0.017277
1233.000000 0.280206  0.017274
1234.000000 0.279903  0.017269
1235.000000 0.279452  0.017264
1236.000000 0.278782  0.017275
1237.000000 0.278480  0.017278
1238.000000 0.278244  0.017302
1239.000000 0.278183  0.017296
1240.000000 0.278843  0.017266
1241.000000 0.279519  0.017277
1242.000000 0.279715  0.017248
1243.000000 0.279856  0.017234
1244.000000 0.279983  0.017234
1245.000000 0.279757  0.017244
1246.000000 0.279910  0.017249
1247.000000 0.280173  0.017260
1248.000000 0.280224  0.017250
1249.000000 0.280837  0.017249
1250.000000 0.280854  0.017246
1251.000000 0.280733  0.017243
1252.000000 0.280648  0.017256
1253.000000 0.280019  0.017281
1254.000000 0.279885  0.017302
1255.000000 0.279728  0.017328
1256.000000 0.279465  0.017324
1257.000000 0.280044  0.017319
1258.000000 0.280053  0.017318
1259.000000 0.279826  0.017324
1260.000000 0.280084  0.017336
1261.000000 0.280133  0.017355
1262.000000 0.280383  0.017355
1263.000000 0.280519  0.017353
1264.000000 0.281001  0.017344
1265.000000 0.281273  0.017328
1266.000000 0.281513  0.017318
1267.000000 0.281750  0.017297
1268.000000 0.282471  0.017278
1269.000000 0.282899  0.017268
1270.000000 0.283253  0.017259
1271.000000 0.283426  0.017256
1272.000000 0.283217  0.017252
1273.000000 0.283256  0.017251
1274.000000 0.283294  0.017256
1275.000000 0.283331  0.017262
1276.000000 0.283344  0.017256
1277.000000 0.283571  0.017270
1278.000000 0.283264  0.017293
1279.000000 0.283375  0.017293
1280.000000 0.283690  0.017283
1281.000000 0.284295  0.017249
1282.000000 0.284242  0.017243
1283.000000 0.284701  0.017255
1284.000000 0.284547  0.017272
1285.000000 0.283511  0.017348
1286.000000 0.283555  0.017361
1287.000000 0.284117  0.017331
1288.000000 0.284354  0.017323
1289.000000 0.285258  0.017291
1290.000000 0.285612  0.017303
1291.000000 0.285161  0.017347
1292.000000 0.285122  0.017375
1293.000000 0.284762  0.017397
1294.000000 0.284621  0.017412
1295.000000 0.284750  0.017413
1296.000000 0.284742  0.017420
1297.000000 0.285019  0.017422
1298.000000 0.284747  0.017442
1299.000000 0.284550  0.017469
1300.000000 0.284602  0.017462
1301.000000 0.284876  0.017476
1302.000000 0.285026  0.017498
1303.000000 0.285384  0.017468
1304.000000 0.286284  0.017425
1305.000000 0.287016  0.017399
1306.000000 0.288127  0.017355
1307.000000 0.288838  0.017326
1308.000000 0.289531  0.017306
1309.000000 0.289930  0.017304
1310.000000 0.289954  0.017320
1311.000000 0.289821  0.017304
1312.000000 0.289893  0.017324
1313.000000 0.289982  0.017334
1314.000000 0.290242  0.017330
1315.000000 0.290593  0.017327
1316.000000 0.291460  0.017319
1317.000000 0.291515  0.017354
1318.000000 0.291458  0.017349
1319.000000 0.291772  0.017346
1320.000000 0.291976  0.017366
1321.000000 0.291863  0.017413
1322.000000 0.292046  0.017419
1323.000000 0.292641  0.017416
1324.000000 0.292830  0.017425
1325.000000 0.292931  0.017406
1326.000000 0.292916  0.017404
1327.000000 0.292536  0.017438
1328.000000 0.292558  0.017449
1329.000000 0.292680  0.017448
1330.000000 0.292902  0.017446
1331.000000 0.293297  0.017422
1332.000000 0.293602  0.017411
1333.000000 0.294145  0.017397
1334.000000 0.294390  0.017393
1335.000000 0.293999  0.017409
1336.000000 0.294022  0.017407
1337.000000 0.294579  0.017392
1338.000000 0.294834  0.017422
1339.000000 0.294916  0.017451
1340.000000 0.295910  0.017477
1341.000000 0.295932  0.017503
1342.000000 0.294938  0.017541
1343.000000 0.294704  0.017571
1344.000000 0.294449  0.017597
1345.000000 0.294734  0.017621
1346.000000 0.295308  0.017643
1347.000000 0.296459  0.017664
1348.000000 0.299403  0.017737
1349.000000 0.302051  0.017821
1350.000000 0.307705  0.018175
1351.000000 0.313327  0.018864
1352.000000 0.315082  0.018935
1353.000000 0.323181  0.020372
1354.000000 0.337390  0.023948
1355.000000 0.373534  0.044156
1356.000000 0.403164  0.062018
1357.000000 0.404327  0.063264
1358.000000 0.435037  0.082562
1359.000000 0.439673  0.087186
1360.000000 0.424982  0.083463
1361.000000 0.406693  0.079177
1362.000000 0.386952  0.074990
1363.000000 0.362045  0.069608
1364.000000 0.330164  0.062324
1365.000000 0.308085  0.060076
1366.000000 0.258643  0.044202
1367.000000 0.210989  0.035452
1368.000000 0.260271  0.030048
1369.000000 0.287009  0.019039
1370.000000 0.281120  0.016186
1371.000000 0.306621  0.021323
1372.000000 0.335829  0.030551
1373.000000 0.370403  0.043872
1374.000000 0.451155  0.045738
1375.000000 0.533549  0.047749
1376.000000 0.544103  0.050521
1377.000000 0.554627  0.054406
1378.000000 0.558649  0.057684
1379.000000 0.492378  0.048612
1380.000000 0.424031  0.049501
1381.000000 0.406621  0.047713
1382.000000 0.376732  0.042427
1383.000000 0.350279  0.038851
1384.000000 0.317095  0.038430
1385.000000 0.236988  0.042813
1386.000000 0.156891  0.047176
1387.000000 0.146294  0.044280
1388.000000 0.136240  0.042807
1389.000000 0.135298  0.043002
1390.000000 0.139858  0.043343
1391.000000 0.150557  0.043288
1392.000000 0.175369  0.040799
1393.000000 0.211013  0.033357
1394.000000 0.235691  0.028926
1395.000000 0.243096  0.028402
1396.000000 0.312898  0.039411
1397.000000 0.390821  0.046543
1398.000000 0.519607  0.122783
1399.000000 0.451238  0.083964
1400.000000 0.232991  0.037627
1401.000000 0.199559  0.039703
1402.000000 0.167671  0.038236
1403.000000 0.185599  0.033898
1404.000000 0.210134  0.029868
1405.000000 0.227712  0.027399
1406.000000 0.297028  0.020620
1407.000000 0.293042  0.021887
1408.000000 0.261673  0.023663
1409.000000 0.272307  0.019987
1410.000000 0.265345  0.020707
1411.000000 0.241245  0.024765
1412.000000 0.251082  0.022749
1413.000000 0.272266  0.019605
1414.000000 0.284201  0.018176
1415.000000 0.314770  0.017880
1416.000000 0.316864  0.018113
1417.000000 0.303133  0.017279
1418.000000 0.298525  0.017182
1419.000000 0.288008  0.017530
1420.000000 0.286557  0.017624
1421.000000 0.292713  0.016871
1422.000000 0.292451  0.017004
1423.000000 0.285995  0.018124
1424.000000 0.288433  0.017974
1425.000000 0.296728  0.017420
1426.000000 0.298515  0.017300
1427.000000 0.302634  0.017018
1428.000000 0.306238  0.016818
1429.000000 0.305381  0.016916
1430.000000 0.298759  0.017076
1431.000000 0.291880  0.017530
1432.000000 0.291212  0.017623
1433.000000 0.290438  0.017737
1434.000000 0.289505  0.017838
1435.000000 0.293944  0.017588
1436.000000 0.295354  0.017761
1437.000000 0.299532  0.017591
1438.000000 0.306723  0.017428
1439.000000 0.307477  0.017408
1440.000000 0.307606  0.017301
1441.000000 0.307397  0.017286
1442.000000 0.301164  0.017460
1443.000000 0.300270  0.017506
1444.000000 0.302788  0.017357
1445.000000 0.303056  0.017331
1446.000000 0.303158  0.017342
1447.000000 0.303986  0.017326
1448.000000 0.304066  0.017322
1449.000000 0.305187  0.017310
1450.000000 0.308551  0.017281
1451.000000 0.308564  0.017289
1452.000000 0.306652  0.017338
1453.000000 0.306484  0.017367
1454.000000 0.305287  0.017421
1455.000000 0.305160  0.017435
1456.000000 0.305989  0.017383
1457.000000 0.308145  0.017372
1458.000000 0.308319  0.017385
1459.000000 0.307986  0.017406
1460.000000 0.308545  0.017471
1461.000000 0.308987  0.017550
1462.000000 0.309579  0.017536
1463.000000 0.309539  0.017516
1464.000000 0.308629  0.017503
1465.000000 0.307302  0.017438
1466.000000 0.307441  0.017421
1467.000000 0.308704  0.017467
1468.000000 0.310122  0.017464
1469.000000 0.314007  0.017540
1470.000000 0.314034  0.017508
1471.000000 0.311568  0.017379
1472.000000 0.311072  0.017358
1473.000000 0.309271  0.017354
1474.000000 0.309365  0.017344
1475.000000 0.311554  0.017337
1476.000000 0.312589  0.017373
1477.000000 0.314038  0.017461
1478.000000 0.314208  0.017464
1479.000000 0.313517  0.017445
1480.000000 0.313544  0.017445
1481.000000 0.312880  0.017393
1482.000000 0.312783  0.017388
1483.000000 0.313435  0.017425
1484.000000 0.313974  0.017440
1485.000000 0.314638  0.017456
1486.000000 0.315073  0.017468
1487.000000 0.315610  0.017456
1488.000000 0.315505  0.017465
1489.000000 0.315204  0.017487
1490.000000 0.315185  0.017493
1491.000000 0.315185  0.017497
1492.000000 0.314826  0.017506
1493.000000 0.314437  0.017482
1494.000000 0.314217  0.017478
1495.000000 0.313303  0.017487
1496.000000 0.313086  0.017496
1497.000000 0.313382  0.017505
1498.000000 0.314045  0.017526
1499.000000 0.314672  0.017534
1500.000000 0.315916  0.017540
1501.000000 0.316468  0.017546
1502.000000 0.316915  0.017554
1503.000000 0.317223  0.017560
1504.000000 0.317098  0.017546
1505.000000 0.317321  0.017553
1506.000000 0.317372  0.017556
1507.000000 0.317497  0.017560
1508.000000 0.317939  0.017581
1509.000000 0.318233  0.017591
1510.000000 0.318446  0.017596
1511.000000 0.318542  0.017599
1512.000000 0.318508  0.017599
1513.000000 0.318576  0.017599
1514.000000 0.318430  0.017591
1515.000000 0.318650  0.017591
1516.000000 0.319642  0.017610
1517.000000 0.319928  0.017613
1518.000000 0.319756  0.017607
1519.000000 0.320158  0.017617
1520.000000 0.320424  0.017632
1521.000000 0.320581  0.017624
1522.000000 0.321831  0.017637
1523.000000 0.322461  0.017652
1524.000000 0.322366  0.017643
1525.000000 0.322831  0.017654
1526.000000 0.323039  0.017661
1527.000000 0.322524  0.017659
1528.000000 0.322900  0.017663
1529.000000 0.323446  0.017664
1530.000000 0.323170  0.017644
1531.000000 0.323476  0.017643
1532.000000 0.323714  0.017635
1533.000000 0.323474  0.017626
1534.000000 0.323269  0.017604
1535.000000 0.323611  0.017597
1536.000000 0.323565  0.017587
1537.000000 0.323122  0.017567
1538.000000 0.322878  0.017555
1539.000000 0.322959  0.017561
1540.000000 0.322476  0.017547
1541.000000 0.322157  0.017550
1542.000000 0.321621  0.017545
1543.000000 0.320640  0.017542
1544.000000 0.320150  0.017548
1545.000000 0.319968  0.017561
1546.000000 0.319386  0.017553
1547.000000 0.319344  0.017560
1548.000000 0.319384  0.017572
1549.000000 0.318678  0.017565
1550.000000 0.318818  0.017564
1551.000000 0.319352  0.017555
1552.000000 0.319796  0.017549
1553.000000 0.320311  0.017522
1554.000000 0.320770  0.017488
1555.000000 0.321853  0.017495
1556.000000 0.322799  0.017485
1557.000000 0.324234  0.017491
1558.000000 0.325297  0.017496
1559.000000 0.325873  0.017459
1560.000000 0.326596  0.017457
1561.000000 0.326984  0.017451
1562.000000 0.327531  0.017460
1563.000000 0.327704  0.017474
1564.000000 0.328018  0.017484
1565.000000 0.328467  0.017485
1566.000000 0.328205  0.017468
1567.000000 0.327113  0.017439
1568.000000 0.326975  0.017426
1569.000000 0.327330  0.017429
1570.000000 0.327480  0.017429
1571.000000 0.328037  0.017432
1572.000000 0.329221  0.017447
1573.000000 0.328927  0.017433
1574.000000 0.328095  0.017412
1575.000000 0.327733  0.017395
1576.000000 0.327106  0.017398
1577.000000 0.326519  0.017407
1578.000000 0.326643  0.017391
1579.000000 0.326234  0.017382
1580.000000 0.325780  0.017409
1581.000000 0.325534  0.017421
1582.000000 0.325090  0.017427
1583.000000 0.324545  0.017439
1584.000000 0.324248  0.017466
1585.000000 0.324490  0.017471
1586.000000 0.324549  0.017475
1587.000000 0.325065  0.017461
1588.000000 0.326085  0.017398
1589.000000 0.326654  0.017378
1590.000000 0.327578  0.017384
1591.000000 0.327918  0.017383
1592.000000 0.327821  0.017404
1593.000000 0.328332  0.017393
1594.000000 0.329124  0.017379
1595.000000 0.329576  0.017365
1596.000000 0.331259  0.017372
1597.000000 0.331497  0.017371
1598.000000 0.330826  0.017382
1599.000000 0.330733  0.017385
1600.000000 0.329976  0.017374
1601.000000 0.329791  0.017369
1602.000000 0.330118  0.017341
1603.000000 0.330331  0.017357
1604.000000 0.330284  0.017388
1605.000000 0.330110  0.017388
1606.000000 0.329965  0.017407
1607.000000 0.329654  0.017401
1608.000000 0.330145  0.017382
1609.000000 0.329840  0.017388
1610.000000 0.329580  0.017436
1611.000000 0.328928  0.017464
1612.000000 0.327759  0.017531
1613.000000 0.326899  0.017569
1614.000000 0.326344  0.017582
1615.000000 0.325794  0.017639
1616.000000 0.325200  0.017713
1617.000000 0.324648  0.017757
1618.000000 0.323716  0.017849
1619.000000 0.323568  0.017863
1620.000000 0.324152  0.017828
1621.000000 0.324696  0.017772
1622.000000 0.326568  0.017680
1623.000000 0.327307  0.017604
1624.000000 0.328280  0.017548
1625.000000 0.329214  0.017510
1626.000000 0.329678  0.017489
1627.000000 0.330048  0.017447
1628.000000 0.330819  0.017432
1629.000000 0.331622  0.017407
1630.000000 0.332750  0.017391
1631.000000 0.333573  0.017369
1632.000000 0.334176  0.017344
1633.000000 0.335061  0.017319
1634.000000 0.336397  0.017305
1635.000000 0.337349  0.017296
1636.000000 0.338963  0.017321
1637.000000 0.339639  0.017319
1638.000000 0.339638  0.017295
1639.000000 0.339797  0.017283
1640.000000 0.339977  0.017256
1641.000000 0.339674  0.017243
1642.000000 0.339237  0.017275
1643.000000 0.338428  0.017272
1644.000000 0.336414  0.017267
1645.000000 0.335041  0.017288
1646.000000 0.333920  0.017298
1647.000000 0.332970  0.017327
1648.000000 0.332308  0.017384
1649.000000 0.331935  0.017426
1650.000000 0.331854  0.017449
1651.000000 0.331653  0.017467
1652.000000 0.331071  0.017475
1653.000000 0.331277  0.017468
1654.000000 0.332399  0.017413
1655.000000 0.332480  0.017399
1656.000000 0.332533  0.017427
1657.000000 0.332818  0.017427
1658.000000 0.332180  0.017444
1659.000000 0.331998  0.017458
1660.000000 0.332477  0.017412
1661.000000 0.332756  0.017394
1662.000000 0.332451  0.017428
1663.000000 0.333010  0.017409
1664.000000 0.333727  0.017390
1665.000000 0.333674  0.017401
1666.000000 0.334056  0.017352
1667.000000 0.333961  0.017323
1668.000000 0.333308  0.017360
1669.000000 0.333713  0.017336
1670.000000 0.334706  0.017323
1671.000000 0.335206  0.017344
1672.000000 0.335929  0.017305
1673.000000 0.335766  0.017269
1674.000000 0.335283  0.017293
1675.000000 0.335260  0.017308
1676.000000 0.334823  0.017333
1677.000000 0.334849  0.017327
1678.000000 0.335638  0.017301
1679.000000 0.335666  0.017275
1680.000000 0.335622  0.017242
1681.000000 0.335973  0.017230
1682.000000 0.335811  0.017265
1683.000000 0.334785  0.017319
1684.000000 0.334626  0.017360
1685.000000 0.335110  0.017366
1686.000000 0.335618  0.017321
1687.000000 0.336548  0.017209
1688.000000 0.337233  0.017151
1689.000000 0.337156  0.017163
1690.000000 0.336727  0.017189
1691.000000 0.335581  0.017259
1692.000000 0.334002  0.017371
1693.000000 0.333297  0.017429
1694.000000 0.333171  0.017426
1695.000000 0.332972  0.017437
1696.000000 0.333229  0.017455
1697.000000 0.333133  0.017434
1698.000000 0.332907  0.017460
1699.000000 0.332625  0.017479
1700.000000 0.332934  0.017458
1701.000000 0.333851  0.017381
1702.000000 0.335554  0.017275
1703.000000 0.337777  0.017190
1704.000000 0.340351  0.017094
1705.000000 0.341185  0.017018
1706.000000 0.340953  0.017017
1707.000000 0.340585  0.017040
1708.000000 0.340368  0.017056
1709.000000 0.341045  0.017060
1710.000000 0.341570  0.017061
1711.000000 0.342197  0.017019
1712.000000 0.342605  0.017007
1713.000000 0.341002  0.017031
1714.000000 0.339451  0.017096
1715.000000 0.338115  0.017183
1716.000000 0.336739  0.017268
1717.000000 0.336246  0.017288
1718.000000 0.336948  0.017237
1719.000000 0.337914  0.017153
1720.000000 0.338087  0.017148
1721.000000 0.337891  0.017167
1722.000000 0.337829  0.017177
1723.000000 0.336845  0.017245
1724.000000 0.336138  0.017271
1725.000000 0.336080  0.017236
1726.000000 0.335414  0.017240
1727.000000 0.335283  0.017219
1728.000000 0.335553  0.017180
1729.000000 0.335619  0.017187
1730.000000 0.335563  0.017173
1731.000000 0.334378  0.017264
1732.000000 0.332708  0.017443
1733.000000 0.332155  0.017525
1734.000000 0.332266  0.017547
1735.000000 0.333189  0.017474
1736.000000 0.334188  0.017421
1737.000000 0.334494  0.017372
1738.000000 0.335670  0.017279
1739.000000 0.336553  0.017225
1740.000000 0.337154  0.017165
1741.000000 0.338479  0.017076
1742.000000 0.339640  0.017001
1743.000000 0.340565  0.016945
1744.000000 0.343410  0.016897
1745.000000 0.344994  0.016912
1746.000000 0.344985  0.016945
1747.000000 0.345146  0.016946
1748.000000 0.344598  0.016924
1749.000000 0.343891  0.016896
1750.000000 0.343815  0.016848
1751.000000 0.343179  0.016841
1752.000000 0.341986  0.016858
1753.000000 0.341183  0.016886
1754.000000 0.339786  0.016980
1755.000000 0.339139  0.017025
1756.000000 0.339349  0.017028
1757.000000 0.338735  0.017061
1758.000000 0.338157  0.017086
1759.000000 0.337388  0.017120
1760.000000 0.335907  0.017215
1761.000000 0.335653  0.017238
1762.000000 0.336433  0.017192
1763.000000 0.336362  0.017181
1764.000000 0.336273  0.017152
1765.000000 0.336141  0.017122
1766.000000 0.335985  0.017113
1767.000000 0.336262  0.017146
1768.000000 0.336917  0.017201
1769.000000 0.337353  0.017215
1770.000000 0.337247  0.017236
1771.000000 0.337990  0.017192
1772.000000 0.338784  0.017093
1773.000000 0.339076  0.017054
1774.000000 0.340200  0.017014
1775.000000 0.340794  0.016973
1776.000000 0.341535  0.016929
1777.000000 0.341117  0.016916
1778.000000 0.340154  0.016902
1779.000000 0.335844  0.017180
1780.000000 0.332854  0.017387
1781.000000 0.332177  0.017443
1782.000000 0.332310  0.017545
1783.000000 0.333915  0.017416
1784.000000 0.334270  0.017390
1785.000000 0.335330  0.017363
1786.000000 0.336036  0.017236
1787.000000 0.336018  0.017143
1788.000000 0.338306  0.016866
1789.000000 0.339982  0.016717
1790.000000 0.341128  0.016763
1791.000000 0.342929  0.016783
1792.000000 0.340334  0.016988
1793.000000 0.333943  0.017530
1794.000000 0.328978  0.018045
1795.000000 0.326533  0.018434
1796.000000 0.327469  0.018378
1797.000000 0.332624  0.017851
1798.000000 0.333893  0.017793
1799.000000 0.330115  0.018088
1800.000000 0.326621  0.018519
1801.000000 0.326621  0.018519
1802.000000 0.323091  0.019117
1803.000000 0.306941  0.022824
1804.000000 0.305247  0.023419
1805.000000 0.328902  0.018396
1806.000000 0.332119  0.018017
1807.000000 0.333288  0.017930
1808.000000 0.334292  0.017857
1809.000000 0.339115  0.017471
1810.000000 0.344617  0.017249
1811.000000 0.347532  0.017071
1812.000000 0.349851  0.016905
1813.000000 0.349340  0.016855
1814.000000 0.352364  0.017023
1815.000000 0.360040  0.017381
1816.000000 0.377577  0.020097
1817.000000 0.394995  0.024917
1818.000000 0.401695  0.025867
1819.000000 0.399478  0.025071
1820.000000 0.382538  0.022890
1821.000000 0.362832  0.021474
1822.000000 0.343779  0.021149
1823.000000 0.328170  0.021478
1824.000000 0.317394  0.022279
1825.000000 0.369746  0.021520
1826.000000 0.420748  0.019946
1827.000000 0.461530  0.020675
1828.000000 0.502111  0.024330
1829.000000 0.555458  0.023682
1830.000000 0.618208  0.020803
1831.000000 0.693330  0.016978
1832.000000 0.770694  0.013570
1833.000000 0.850005  0.010755
1834.000000 0.847701  0.009503
1835.000000 0.839582  0.011690
1836.000000 0.763911  0.024674
1837.000000 0.688140  0.035078
1838.000000 0.688140  0.035078
1839.000000 0.688140  0.035078
1840.000000 0.669300  0.035301
1841.000000 0.612660  0.042459
1842.000000 0.542282  0.046715
1843.000000 0.464765  0.050777
1844.000000 0.382939  0.054337
1845.000000 0.376434  0.053309
1846.000000 15.937600 60.272200
1847.000000 45.879000 129.134000
1848.000000 60.254400 158.173000
1849.000000 60.254400 158.173000
1850.000000 60.254400 158.173000
1851.000000 72.349600 160.231000
1852.000000 84.481800 175.409000
1853.000000 96.628200 200.750000
1854.000000 96.622500 200.751000
1855.000000 112.188000  237.264000
1856.000000 127.772000  282.052000
1857.000000 127.850000  282.036000
1858.000000 113.492000  270.706000
1859.000000 114.717000  323.581000
1860.000000 114.717000  323.581000
1861.000000 114.717000  323.581000
1862.000000 102.640000  309.258000
1863.000000 90.564900 301.685000
1864.000000 78.488900 301.371000
1865.000000 78.572000 301.373000
1866.000000 78.622500 301.359000
1867.000000 63.041100 241.078000
1868.000000 72.159600 198.529000
1869.000000 78.618400 163.473000
1870.000000 85.057400 193.290000
1871.000000 84.978700 193.286000
1872.000000 84.912600 193.280000
1873.000000 84.871600 193.271000
1874.000000 84.814700 193.265000
1875.000000 84.814700 193.265000
1876.000000 84.814700 193.265000
1877.000000 69.280900 189.787000
1878.000000 69.363100 189.790000
1879.000000 44.685000 170.781000
1880.000000 22.708400 85.385800
1881.000000 0.679204  0.061842
1882.000000 0.685814  0.065173
1883.000000 0.676758  0.062382
1884.000000 0.650387  0.057551
1885.000000 0.705429  0.053038
1886.000000 0.705429  0.053038
1887.000000 0.705429  0.053038
1888.000000 0.705429  0.053038
1889.000000 0.660780  0.062367
1890.000000 0.589002  0.066486
1891.000000 0.522083  0.056526
1892.000000 0.505792  0.048667
1893.000000 0.498074  0.044605
1894.000000 0.495422  0.044084
1895.000000 0.493222  0.045711
1896.000000 0.489977  0.050133
1897.000000 0.489977  0.050133
1898.000000 0.489977  0.050133
1899.000000 0.489977  0.050133
1900.000000 0.534626  0.044383
1901.000000 0.606403  0.040381
1902.000000 0.686091  0.036468
1903.000000 0.684110  0.033490
1904.000000 0.682556  0.029980
1905.000000 0.683699  0.027462
1906.000000 0.679625  0.025225
1907.000000 0.684703  0.029735
1908.000000 0.684703  0.029735
1909.000000 0.615668  0.039781
1910.000000 0.544149  0.048712
1911.000000 0.477361  0.056529
1912.000000 0.416458  0.062667
1913.000000 0.410970  0.055282
1914.000000 0.488332  0.044072
1915.000000 0.518932  0.039381
1916.000000 0.541790  0.033163
1917.000000 0.561738  0.027269
1918.000000 0.500516  0.028626
1919.000000 0.444405  0.029963
1920.000000 0.501503  0.034355
1921.000000 0.554168  0.056431
1922.000000 0.579462  0.072049
1923.000000 0.583352  0.078380
1924.000000 0.514497  0.066071
1925.000000 0.446998  0.054012
1926.000000 0.433405  0.051760
1927.000000 0.420728  0.048467
1928.000000 0.410713  0.045253
1929.000000 0.419360  0.049181
1930.000000 0.425095  0.052147
1931.000000 0.383042  0.041757
1932.000000 0.347303  0.030496
1933.000000 0.333824  0.022537
1934.000000 0.334052  0.021225
1935.000000 0.349198  0.023172
1936.000000 0.406112  0.042422
1937.000000 0.399483  0.039697
1938.000000 0.395286  0.036741
1939.000000 0.375372  0.028176
1940.000000 0.348826  0.019699
1941.000000 0.337943  0.017305
1942.000000 0.311703  0.016122
1943.000000 0.297119  0.018559
1944.000000 0.298257  0.018230
1945.000000 0.305713  0.016674
1946.000000 0.306912  0.016787
1947.000000 0.319125  0.016141
1948.000000 0.318991  0.016229
1949.000000 0.306864  0.017478
1950.000000 0.302702  0.018321
1951.000000 0.295780  0.019389
1952.000000 0.295875  0.019017
1953.000000 0.296727  0.019083
1954.000000 0.303733  0.017859
1955.000000 0.320742  0.016519
1956.000000 0.327190  0.017106
1957.000000 0.324684  0.017051
1958.000000 0.318315  0.016973
1959.000000 0.312929  0.017291
1960.000000 0.299235  0.019135
1961.000000 0.297231  0.019546
1962.000000 0.299927  0.018784
1963.000000 0.300414  0.018862
1964.000000 0.301885  0.018720
1965.000000 0.302814  0.018769
1966.000000 0.299454  0.019414
1967.000000 0.300629  0.019174
1968.000000 0.300947  0.019179
1969.000000 0.299438  0.019251
1970.000000 0.300908  0.019169
1971.000000 0.303362  0.018698
1972.000000 0.302765  0.018945
1973.000000 0.299582  0.019617
1974.000000 0.299983  0.019621
1975.000000 0.298821  0.019986
1976.000000 0.298966  0.019858
1977.000000 0.302906  0.019191
1978.000000 0.303762  0.018985
1979.000000 0.304660  0.018923
1980.000000 0.305724  0.018879
1981.000000 0.306799  0.018815
1982.000000 0.307104  0.018835
1983.000000 0.307855  0.018647
1984.000000 0.310450  0.018434
1985.000000 0.312479  0.018200
1986.000000 0.314710  0.017836
1987.000000 0.315557  0.017751
1988.000000 0.317622  0.017619
1989.000000 0.319408  0.017460
1990.000000 0.320384  0.017495
1991.000000 0.320210  0.017528
1992.000000 0.319226  0.017677
1993.000000 0.316739  0.018172
1994.000000 0.314853  0.018494
1995.000000 0.311801  0.018977
1996.000000 0.311396  0.019215
1997.000000 0.312834  0.019096
1998.000000 0.310552  0.018934
1999.000000 0.313375  0.018944
2000.000000 0.312121  0.019266
2001.000000 0.309002  0.019966
2002.000000 0.307770  0.020405
2003.000000 0.302538  0.021425
2004.000000 0.296523  0.022565
2005.000000 0.295182  0.022941
2006.000000 0.295501  0.022736
2007.000000 0.297649  0.022832
2008.000000 0.302987  0.022394
2009.000000 0.309879  0.021167
2010.000000 0.313732  0.020155
2011.000000 0.316307  0.019492
2012.000000 0.315295  0.019308
2013.000000 0.315203  0.019329
2014.000000 0.311955  0.020283
2015.000000 0.305687  0.021689
2016.000000 0.307478  0.021415
2017.000000 0.312162  0.020542
2018.000000 0.313554  0.020045
2019.000000 0.319047  0.018944
2020.000000 0.319436  0.018813
2021.000000 0.318182  0.019032
2022.000000 0.315209  0.019680
2023.000000 0.313643  0.020219
2024.000000 0.310707  0.020689
2025.000000 0.310495  0.020746
2026.000000 0.311608  0.020389
2027.000000 0.313845  0.020082
2028.000000 0.316101  0.019979
2029.000000 0.316942  0.019859
2030.000000 0.317837  0.019757
2031.000000 0.319424  0.019730
2032.000000 0.320047  0.019720
2033.000000 0.318989  0.019536
2034.000000 0.317734  0.019290
2035.000000 0.319471  0.019250
2036.000000 0.321418  0.019258
2037.000000 0.321947  0.019161
2038.000000 0.322670  0.019104
2039.000000 0.323017  0.019040
2040.000000 0.323052  0.018928
2041.000000 0.323424  0.019028
2042.000000 0.323953  0.019134
2043.000000 0.324316  0.019088
2044.000000 0.324771  0.019072
2045.000000 0.324940  0.019025
2046.000000 0.325979  0.018884
2047.000000 0.327879  0.018631
2048.000000 0.328582  0.018533
2049.000000 0.330082  0.018380
2050.000000 0.330774  0.018300
2051.000000 0.330724  0.018372
2052.000000 0.330904  0.018370
2053.000000 0.329113  0.018499
2054.000000 0.326944  0.018787
2055.000000 0.328204  0.018693
2056.000000 0.327245  0.018897
2057.000000 0.325731  0.019115
2058.000000 0.324596  0.019302
2059.000000 0.324048  0.019275
2060.000000 0.323189  0.019410
2061.000000 0.323793  0.019362
2062.000000 0.327390  0.018803
2063.000000 0.328946  0.018513
2064.000000 0.329986  0.018413
2065.000000 0.329998  0.018436
2066.000000 0.327588  0.018849
2067.000000 0.326740  0.019033
2068.000000 0.325642  0.019164
2069.000000 0.325162  0.019209
2070.000000 0.325837  0.019051
2071.000000 0.324121  0.019319
2072.000000 0.323305  0.019380
2073.000000 0.322675  0.019425
2074.000000 0.322396  0.019416
2075.000000 0.321508  0.019596
2076.000000 0.322252  0.019564
2077.000000 0.322909  0.019478
2078.000000 0.323627  0.019445
2079.000000 0.325737  0.019165
2080.000000 0.327351  0.018882
2081.000000 0.327252  0.018943
2082.000000 0.327033  0.019032
2083.000000 0.324291  0.019368
2084.000000 0.322125  0.019704
2085.000000 0.323075  0.019596
2086.000000 0.321932  0.019787
2087.000000 0.321943  0.019884
2088.000000 0.322785  0.019850
2089.000000 0.323473  0.019645
2090.000000 0.322161  0.019793
2091.000000 0.322520  0.019714
2092.000000 0.324043  0.019327
2093.000000 0.325485  0.019094
2094.000000 0.325517  0.019071
2095.000000 0.327446  0.018832
2096.000000 0.328971  0.018650
2097.000000 0.329170  0.018676
2098.000000 0.331853  0.018421
2099.000000 0.332750  0.018283
2100.000000 0.331119  0.018365
2101.000000 0.330769  0.018410
2102.000000 0.330631  0.018508
2103.000000 0.328502  0.018698
2104.000000 0.327823  0.018762
2105.000000 0.328986  0.018551
2106.000000 0.328685  0.018530
2107.000000 0.328970  0.018554
2108.000000 0.329500  0.018411
2109.000000 0.329586  0.018449
2110.000000 0.329669  0.018554
2111.000000 0.329920  0.018610
2112.000000 0.329708  0.018735
2113.000000 0.330352  0.018800
2114.000000 0.329780  0.018831
2115.000000 0.327723  0.018887
2116.000000 0.326053  0.018932
2117.000000 0.325334  0.019085
2118.000000 0.323409  0.019443
2119.000000 0.322046  0.019648
2120.000000 0.321237  0.019782
2121.000000 0.320679  0.019900
2122.000000 0.321435  0.019840
2123.000000 0.320449  0.019840
2124.000000 0.321089  0.019736
2125.000000 0.322606  0.019664
2126.000000 0.321718  0.019737
2127.000000 0.322696  0.019551
2128.000000 0.323819  0.019315
2129.000000 0.325453  0.019092
2130.000000 0.327452  0.018794
2131.000000 0.326199  0.018732
2132.000000 0.324561  0.018773
2133.000000 0.322175  0.019027
2134.000000 0.322587  0.019265
2135.000000 0.323393  0.019614
2136.000000 0.324275  0.019721
2137.000000 0.323993  0.019739
2138.000000 0.324339  0.019542
2139.000000 0.322931  0.019607
2140.000000 0.321695  0.019777
2141.000000 0.319232  0.019955
2142.000000 0.317071  0.020252
2143.000000 0.316474  0.020334
2144.000000 0.314783  0.020458
2145.000000 0.313194  0.020662
2146.000000 0.312246  0.020844
2147.000000 0.311746  0.021062
2148.000000 0.311287  0.021069
2149.000000 0.312119  0.020817
2150.000000 0.311583  0.020669
2151.000000 0.311240  0.020584
2152.000000 0.310822  0.020468
2153.000000 0.310854  0.020543
2154.000000 0.309260  0.020687
2155.000000 0.310302  0.020444
2156.000000 0.311833  0.020115
2157.000000 0.312417  0.019851
2158.000000 0.312644  0.019740
2159.000000 0.310466  0.019939
2160.000000 0.307619  0.020336
2161.000000 0.306010  0.020709
2162.000000 0.306116  0.020718
2163.000000 0.307342  0.020524
2164.000000 0.307217  0.020386
2165.000000 0.307765  0.020189
2166.000000 0.305884  0.020221
2167.000000 0.304477  0.020385
2168.000000 0.304157  0.020298
2169.000000 0.304664  0.020079
2170.000000 0.305852  0.019846
2171.000000 0.307587  0.019506
2172.000000 0.307729  0.019381
2173.000000 0.307674  0.019393
2174.000000 0.306921  0.019488
2175.000000 0.305103  0.019747
2176.000000 0.303074  0.019764
2177.000000 0.302322  0.019868
2178.000000 0.301832  0.019831
2179.000000 0.303182  0.019563
2180.000000 0.305467  0.019419
2181.000000 0.306941  0.019075
2182.000000 0.306684  0.018881
2183.000000 0.305620  0.018957
2184.000000 0.305192  0.018889
2185.000000 0.302080  0.019098
2186.000000 0.302378  0.019166
2187.000000 0.300938  0.019060
2188.000000 0.300405  0.018831
2189.000000 0.298990  0.019022
2190.000000 0.300362  0.018658
2191.000000 0.301358  0.018499
2192.000000 0.298466  0.018890
2193.000000 0.297584  0.018906
2194.000000 0.295549  0.019134
2195.000000 0.294121  0.019484
2196.000000 0.295279  0.019229
2197.000000 0.295250  0.019080
2198.000000 0.293836  0.019048
2199.000000 0.291256  0.019325
2200.000000 0.286451  0.019912
2201.000000 0.285423  0.019856
2202.000000 0.286166  0.019569
2203.000000 0.286094  0.019677
2204.000000 0.286829  0.019229
2205.000000 0.287905  0.018903
2206.000000 0.287470  0.018951
2207.000000 0.291821  0.018386
2208.000000 0.294632  0.018029
2209.000000 0.297165  0.017647
2210.000000 0.295540  0.017542
2211.000000 0.298602  0.017321
2212.000000 0.302493  0.017255
2213.000000 0.303052  0.017143
2214.000000 0.304735  0.016888
2215.000000 0.304052  0.016867
2216.000000 0.302768  0.017083
2217.000000 0.304013  0.017180
2218.000000 0.303650  0.017329
2219.000000 0.303126  0.017211
2220.000000 0.304383  0.017021
2221.000000 0.305513  0.017115
2222.000000 0.305964  0.017243
2223.000000 0.303988  0.017289
2224.000000 0.302464  0.017494
2225.000000 0.301658  0.017653
2226.000000 0.302375  0.017635
2227.000000 0.300768  0.017761
2228.000000 0.299460  0.017845
2229.000000 0.299850  0.017898
2230.000000 0.299331  0.017823
2231.000000 0.299323  0.017916
2232.000000 0.298578  0.017898
2233.000000 0.297969  0.018070
2234.000000 0.296795  0.018360
2235.000000 0.292263  0.018920
2236.000000 0.290254  0.019451
2237.000000 0.289087  0.019668
2238.000000 0.289127  0.019752
2239.000000 0.287191  0.019453
2240.000000 0.287966  0.019391
2241.000000 0.288147  0.019153
2242.000000 0.288775  0.019422
2243.000000 0.283749  0.019640
2244.000000 0.285716  0.019406
2245.000000 0.286930  0.019373
2246.000000 0.287564  0.018974
2247.000000 0.291043  0.018386
2248.000000 0.290494  0.018417
2249.000000 0.289217  0.018681
2250.000000 0.286932  0.019266
2251.000000 0.283247  0.020031
2252.000000 0.279876  0.020493
2253.000000 0.280088  0.020163
2254.000000 0.283306  0.020099
2255.000000 0.285599  0.019629
2256.000000 0.286323  0.019298
2257.000000 0.287728  0.019107
2258.000000 0.287705  0.018958
2259.000000 0.287908  0.018920
2260.000000 0.291677  0.018353
2261.000000 0.290440  0.018444
2262.000000 0.289591  0.018375
2263.000000 0.292182  0.018356
2264.000000 0.290602  0.018716
2265.000000 0.290633  0.018644
2266.000000 0.290245  0.018733
2267.000000 0.288549  0.019233
2268.000000 0.286826  0.019632
2269.000000 0.288394  0.019857
2270.000000 0.286831  0.019692
2271.000000 0.286923  0.019660
2272.000000 0.289357  0.019441
2273.000000 0.288565  0.019358
2274.000000 0.290587  0.019184
2275.000000 0.292755  0.018501
2276.000000 0.294529  0.018146
2277.000000 0.296289  0.018068
2278.000000 0.294637  0.018100
2279.000000 0.297329  0.017840
2280.000000 0.297549  0.017699
2281.000000 0.297773  0.017810
2282.000000 0.299724  0.017722
2283.000000 0.297622  0.017725
2284.000000 0.291654  0.018585
2285.000000 0.292921  0.018683
2286.000000 0.297248  0.017932
2287.000000 0.296693  0.017815
2288.000000 0.297810  0.017840
2289.000000 0.296729  0.017832
2290.000000 0.295050  0.018075
2291.000000 0.292351  0.018608
2292.000000 0.291609  0.018501
2293.000000 0.293792  0.018229
2294.000000 0.293026  0.017884
2295.000000 0.297937  0.017145
2296.000000 0.302584  0.016711
2297.000000 0.300782  0.016798
2298.000000 0.302839  0.016713
2299.000000 0.300723  0.016800
2300.000000 0.293228  0.017444
2301.000000 0.297596  0.016859
2302.000000 0.302630  0.016646
2303.000000 0.299469  0.016786
2304.000000 0.304511  0.016284
2305.000000 0.302762  0.016188
2306.000000 0.302325  0.016298
2307.000000 0.304798  0.016201
2308.000000 0.302526  0.016245
2309.000000 0.300085  0.016434
2310.000000 0.300077  0.016590
2311.000000 0.296465  0.016948
2312.000000 0.295891  0.017087
2313.000000 0.298992  0.016506
2314.000000 0.297790  0.016479
2315.000000 0.294825  0.016640
2316.000000 0.295371  0.016573
2317.000000 0.292136  0.016653
2318.000000 0.291195  0.016991
2319.000000 0.292120  0.016769
2320.000000 0.291053  0.016838
2321.000000 0.284798  0.017862
2322.000000 0.279970  0.018205
2323.000000 0.280897  0.017871
2324.000000 0.278067  0.018323
2325.000000 0.274447  0.019104
2326.000000 0.275190  0.019322
2327.000000 0.275282  0.019591
2328.000000 0.274212  0.019901
2329.000000 0.275989  0.019515
2330.000000 0.275651  0.019492
2331.000000 0.277047  0.019247
2332.000000 0.275440  0.019119
2333.000000 0.274991  0.018995
2334.000000 0.277428  0.018746
2335.000000 0.272339  0.019421
2336.000000 0.267772  0.020044
2337.000000 0.267025  0.020148
2338.000000 0.265736  0.020551
2339.000000 0.264258  0.020829
2340.000000 0.265747  0.020715
2341.000000 0.267844  0.020486
2342.000000 0.265557  0.020724
2343.000000 0.265468  0.020725
2344.000000 0.266313  0.020087
2345.000000 0.265245  0.020054
2346.000000 0.267776  0.019442
2347.000000 0.273898  0.018301
2348.000000 0.275825  0.018153
2349.000000 0.273710  0.018728
2350.000000 0.271815  0.019100
2351.000000 0.267970  0.019999
2352.000000 0.268583  0.019869
2353.000000 0.274676  0.018714
2354.000000 0.273114  0.018804
2355.000000 0.273669  0.018826
2356.000000 0.272364  0.019459
2357.000000 0.268299  0.020551
2358.000000 0.265603  0.020768
2359.000000 0.265699  0.020915
2360.000000 0.270287  0.020672
2361.000000 0.270005  0.020546
2362.000000 0.268128  0.020555
2363.000000 0.271244  0.019809
2364.000000 0.278876  0.018291
2365.000000 0.279980  0.018210
2366.000000 0.280321  0.018510
2367.000000 0.283076  0.017868
2368.000000 0.283823  0.017940
2369.000000 0.286398  0.017437
2370.000000 0.298303  0.016129
2371.000000 0.304258  0.015780
2372.000000 0.316024  0.016646
2373.000000 0.312524  0.016239
2374.000000 0.298022  0.016022
2375.000000 0.289768  0.016755
2376.000000 0.271584  0.019937
2377.000000 0.264533  0.021614
2378.000000 0.270139  0.020885
2379.000000 0.271666  0.020827
2380.000000 0.269859  0.021266
2381.000000 0.270866  0.020722
2382.000000 0.277050  0.018526
2383.000000 0.281536  0.017894
2384.000000 0.283234  0.017258
2385.000000 0.280357  0.017631
2386.000000 0.266178  0.020329
2387.000000 0.263859  0.020697
2388.000000 0.262556  0.020593
2389.000000 0.267992  0.019734
2390.000000 0.286165  0.016098
2391.000000 0.289385  0.015738
2392.000000 0.290545  0.016467
2393.000000 0.287742  0.016916
2394.000000 0.273294  0.019324
2395.000000 0.270397  0.020354
2396.000000 0.269441  0.020024
2397.000000 0.267847  0.020092
2398.000000 0.268427  0.020409
2399.000000 0.267141  0.020732
2400.000000 0.261746  0.021008
2401.000000 0.260655  0.020843
2402.000000 0.264802  0.019723
2403.000000 0.267195  0.019116
2404.000000 0.274636  0.017867
2405.000000 0.276997  0.017979
2406.000000 0.269377  0.020712
2407.000000 0.268043  0.021141
2408.000000 0.263923  0.020356
2409.000000 0.262289  0.020384
2410.000000 0.274478  0.017441
2411.000000 0.274695  0.017516
2412.000000 0.254376  0.022952
2413.000000 0.249833  0.024107
2414.000000 0.243991  0.025519
2415.000000 0.246773  0.024287
2416.000000 0.283981  0.017034
2417.000000 0.305353  0.016685
2418.000000 0.316435  0.017876
2419.000000 0.329304  0.021773
2420.000000 0.329226  0.020364
2421.000000 0.331220  0.020552
2422.000000 0.344890  0.026820
2423.000000 0.340232  0.026167
2424.000000 0.326108  0.022383
2425.000000 0.306871  0.017482
2426.000000 0.271393  0.016733
2427.000000 0.256528  0.019488
2428.000000 0.242762  0.023134
2429.000000 0.237865  0.024356
2430.000000 0.251838  0.021147
2431.000000 0.256368  0.020445
2432.000000 0.264475  0.018659
2433.000000 0.266463  0.018669
2434.000000 0.254149  0.022473
2435.000000 0.244780  0.024402
2436.000000 0.228154  0.027167
2437.000000 0.220850  0.028175
2438.000000 0.225765  0.026839
2439.000000 0.224872  0.026611
2440.000000 0.215203  0.027081
2441.000000 0.218366  0.025577
2442.000000 0.235587  0.021191
2443.000000 0.247258  0.018881
2444.000000 0.284287  0.015120
2445.000000 0.299708  0.017092
2446.000000 0.254459  0.019506
2447.000000 0.244228  0.021472
2448.000000 0.242770  0.020883
2449.000000 0.237733  0.020829
2450.000000 0.253027  0.017100
2451.000000 0.279152  0.015390
2452.000000 0.330431  0.029878
2453.000000 0.339663  0.034686
2454.000000 0.323987  0.028734
2455.000000 0.288820  0.016721
2456.000000 0.289861  0.017097
2457.000000 0.288850  0.017222
2458.000000 0.281501  0.016533
2459.000000 0.268871  0.016585
2460.000000 0.256664  0.017682
2461.000000 0.245084  0.019426
2462.000000 0.237141  0.020652
2463.000000 0.234014  0.020873
2464.000000 0.231451  0.020913
2465.000000 0.227146  0.021623
2466.000000 0.222151  0.022837
2467.000000 0.216893  0.024310
2468.000000 0.209560  0.026361
2469.000000 0.200119  0.028154
2470.000000 0.195160  0.028561
2471.000000 0.193022  0.028266
2472.000000 0.194755  0.027079
2473.000000 0.256319  0.015044
2474.000000 0.318344  0.025255
2475.000000 0.366951  0.044507
2476.000000 0.421308  0.067873
2477.000000 0.473106  0.090817
2478.000000 0.514077  0.110930
2479.000000 0.584099  0.120563
2480.000000 0.652952  0.139926
2481.000000 0.644816  0.140228
2482.000000 0.632791  0.140863
2483.000000 0.616495  0.140587
2484.000000 0.540916  0.118433
2485.000000 0.469221  0.100077
2486.000000 0.417597  0.076765
2487.000000 0.408200  0.085017
2488.000000 0.387257  0.100707
2489.000000 0.337174  0.090370
2490.000000 0.254036  0.086074
2491.000000 0.173843  0.078708
2492.000000 0.170449  0.079395
2493.000000 0.168797  0.079636
2494.000000 0.167819  0.079431
2495.000000 0.167985  0.078871
2496.000000 0.020993  0.020824
2497.000000 0.019365  0.019914
2498.000000 0.015741  0.018782
2499.000000 0.018607  0.021840
2500.000000 0.035004  0.029396
