0.361587 3.053510
0.364418 3.433900
0.367248 3.742440
0.370079 3.677450
0.372909 3.296590
0.375740 3.523970
0.378571 3.855240
0.381402 3.239210
0.384233 2.971770
0.387064 3.246170
0.389895 3.660220
0.392726 3.144700
0.395557 3.240300
0.398388 4.094100
0.401219 4.969610
0.404050 4.875340
0.406882 4.712990
0.409713 4.736210
0.412545 4.850910
0.415376 4.800170
0.418208 4.606540
0.421039 4.549620
0.423871 4.380710
0.426703 4.203680
0.429534 3.725900
0.432366 3.898020
0.435198 4.168520
0.438030 4.109470
0.440862 4.167030
0.443694 4.307910
0.446526 4.248970
0.449358 4.385590
0.452191 4.312260
0.455023 4.187390
0.457855 4.167640
0.460688 4.098040
0.463520 4.041460
0.466353 3.875110
0.469185 3.782080
0.472018 3.740530
0.474850 3.700600
0.477683 3.647510
0.480516 3.623550
0.483349 3.497540
0.486182 3.142670
0.489015 3.186160
0.491848 3.175270
0.494681 3.148860
0.497514 3.067900
0.500347 2.908920
0.503180 2.816080
0.506014 2.808270
0.508847 2.724600
0.511680 2.645900
0.514514 2.498590
0.517347 2.299620
0.520181 2.333840
0.523014 2.360370
0.525848 2.288700
0.528682 2.256420
0.531516 2.254560
0.534350 2.184720
0.537183 2.145750
0.540017 2.048030
0.542851 2.006620
0.545686 1.981830
0.548520 1.926000
0.551354 1.882760
0.554188 1.842660
0.557022 1.772730
0.559857 1.705340
0.562691 1.682070
0.565526 1.633070
0.568360 1.583640
0.571195 1.527090
0.574029 1.509530
0.576864 1.457050
0.579699 1.424310
0.582534 1.420110
0.585369 1.376240
0.588203 1.295150
0.591038 1.246600
0.593874 1.240950
0.596709 1.210300
0.599544 1.170600
0.602379 1.140080
0.605214 1.127910
0.608050 1.097840
0.610885 1.055450
0.613720 0.998700
0.616556 0.904760
0.619391 0.926970
0.622227 0.927450
0.625063 0.930770
0.627898 0.904180
0.630734 0.883860
0.633570 0.881350
0.636406 0.877700
0.639242 0.866050
0.642078 0.847590
0.644914 0.830750
0.647750 0.806960
0.650586 0.791000
0.653422 0.777280
0.656259 0.713340
0.659095 0.740810
0.661931 0.750670
0.664768 0.739310
0.667604 0.727590
0.670441 0.711580
0.673277 0.699810
0.676114 0.687090
0.678951 0.676800
0.681788 0.663750
0.684624 0.633230
0.687461 0.542130
0.690298 0.544160
0.693135 0.572420
0.695972 0.577310
0.698809 0.569090
0.701647 0.551250
0.704484 0.550010
0.707321 0.543990
0.710158 0.533780
0.712996 0.525520
0.715833 0.493960
0.718671 0.444340
0.721508 0.449460
0.724346 0.442220
0.727184 0.430390
0.730021 0.427270
0.732859 0.440300
0.735697 0.440730
0.738535 0.434640
0.741373 0.429440
0.744211 0.428600
0.747049 0.423800
0.749887 0.414550
0.752725 0.408060
0.755564 0.401000
0.758402 0.333860
0.761240 0.187170
0.764079 0.213530
0.766917 0.303480
0.769756 0.351710
0.772594 0.356160
0.775433 0.351070
0.778272 0.345970
0.781110 0.342160
0.783949 0.335270
0.786788 0.329290
0.789627 0.317960
0.792466 0.309440
0.795305 0.303640
0.798144 0.302730
0.800983 0.294120
0.803822 0.288910
0.806662 0.285540
0.809501 0.275280
0.812340 0.264800
0.815180 0.241790
0.818019 0.233390
0.820859 0.235410
0.823698 0.231250
0.826538 0.237470
0.829378 0.229270
0.832217 0.227660
0.835057 0.230610
0.837897 0.232730
0.840737 0.231650
0.843577 0.228600
0.846417 0.225880
0.849257 0.217250
0.852097 0.209150
0.854938 0.199910
0.857778 0.210640
0.860618 0.208680
0.863458 0.205020
0.866299 0.189240
0.869139 0.195610
0.871980 0.195680
0.874821 0.190500
0.877661 0.190450
0.880502 0.185640
0.883343 0.182340
0.886184 0.179560
0.889024 0.177410
0.891865 0.172300
0.894706 0.158840
0.897547 0.146240
0.900389 0.135870
0.903230 0.144290
0.906071 0.143600
0.908912 0.132410
0.911754 0.132010
0.914595 0.127630
0.917436 0.126660
0.920278 0.132320
0.923119 0.128330
0.925961 0.126310
0.928803 0.109960
0.931644 0.087330
0.934486 0.072880
0.937328 0.075730
0.940170 0.087510
0.943012 0.081010
0.945854 0.078110
0.948696 0.081070
0.951538 0.080350
0.954380 0.079520
0.957223 0.082240
0.960065 0.083660
0.962907 0.088060
0.965750 0.089190
0.968592 0.099810
0.971435 0.101540
0.974277 0.095120
0.977120 0.096500
0.979962 0.098080
0.982805 0.101830
0.985648 0.103440
0.988491 0.103710
0.991334 0.103820
0.994177 0.103870
0.997020 0.101700
0.999863 0.101090
1.002706 0.099750
1.005549 0.096370
1.008392 0.098670
1.011236 0.096290
1.014079 0.095690
1.016923 0.093130
1.019766 0.092960
1.022610 0.092880
1.025453 0.091490
1.028297 0.089820
1.031140 0.091650
1.033984 0.090500
1.036828 0.089160
1.039672 0.086920
1.042516 0.088160
1.045360 0.087070
