0.361587 3.100850
0.364418 3.513070
0.367248 3.755880
0.370079 3.744200
0.372909 3.331420
0.375740 3.543690
0.378571 3.886070
0.381402 3.255990
0.384233 2.980610
0.387064 3.270750
0.389895 3.676210
0.392726 3.163730
0.395557 3.257770
0.398388 4.126930
0.401219 4.988720
0.404050 4.907130
0.406882 4.739260
0.409713 4.767350
0.412545 4.881430
0.415376 4.820850
0.418208 4.640330
0.421039 4.566750
0.423871 4.402750
0.426703 4.214010
0.429534 3.747120
0.432366 3.928730
0.435198 4.190470
0.438030 4.139610
0.440862 4.193020
0.443694 4.340210
0.446526 4.283760
0.449358 4.431830
0.452191 4.341310
0.455023 4.206930
0.457855 4.204400
0.460688 4.138570
0.463520 4.074560
0.466353 3.903650
0.469185 3.810580
0.472018 3.775380
0.474850 3.732550
0.477683 3.684000
0.480516 3.657800
0.483349 3.530500
0.486182 3.175280
0.489015 3.222830
0.491848 3.215920
0.494681 3.187730
0.497514 3.110430
0.500347 2.944070
0.503180 2.855210
0.506014 2.846820
0.508847 2.757530
0.511680 2.678530
0.514514 2.528750
0.517347 2.327530
0.520181 2.366650
0.523014 2.391760
0.525848 2.321280
0.528682 2.288050
0.531516 2.286700
0.534350 2.216720
0.537183 2.178150
0.540017 2.078460
0.542851 2.038060
0.545686 2.013010
0.548520 1.951320
0.551354 1.911600
0.554188 1.871120
0.557022 1.800210
0.559857 1.730470
0.562691 1.707690
0.565526 1.656730
0.568360 1.605710
0.571195 1.549950
0.574029 1.531330
0.576864 1.476250
0.579699 1.443350
0.582534 1.438850
0.585369 1.394710
0.588203 1.313430
0.591038 1.265650
0.593874 1.261090
0.596709 1.232220
0.599544 1.190130
0.602379 1.160010
0.605214 1.146430
0.608050 1.111910
0.610885 1.074060
0.613720 1.016800
0.616556 0.923070
0.619391 0.943990
0.622227 0.944520
0.625063 0.947310
0.627898 0.921020
0.630734 0.902040
0.633570 0.899520
0.636406 0.895420
0.639242 0.884760
0.642078 0.864250
0.644914 0.849790
0.647750 0.823670
0.650586 0.807160
0.653422 0.794180
0.656259 0.732210
0.659095 0.756260
0.661931 0.766140
0.664768 0.756600
0.667604 0.743220
0.670441 0.727720
0.673277 0.716580
0.676114 0.703110
0.678951 0.693720
0.681788 0.678940
0.684624 0.647080
0.687461 0.554940
0.690298 0.556970
0.693135 0.585060
0.695972 0.592560
0.698809 0.581700
0.701647 0.567590
0.704484 0.564610
0.707321 0.560930
0.710158 0.549650
0.712996 0.538440
0.715833 0.505900
0.718671 0.455300
0.721508 0.462920
0.724346 0.454180
0.727184 0.443010
0.730021 0.439760
0.732859 0.453380
0.735697 0.456020
0.738535 0.446960
0.741373 0.443940
0.744211 0.441770
0.747049 0.437250
0.749887 0.428540
0.752725 0.420120
0.755564 0.412730
0.758402 0.341730
0.761240 0.190340
0.764079 0.220860
0.766917 0.313710
0.769756 0.363720
0.772594 0.367870
0.775433 0.364410
0.778272 0.359290
0.781110 0.353410
0.783949 0.346510
0.786788 0.338910
0.789627 0.329310
0.792466 0.319860
0.795305 0.315180
0.798144 0.313090
0.800983 0.305270
0.803822 0.299300
0.806662 0.297330
0.809501 0.285820
0.812340 0.272110
0.815180 0.250500
0.818019 0.240460
0.820859 0.245210
0.823698 0.239230
0.826538 0.245930
0.829378 0.239560
0.832217 0.237400
0.835057 0.239370
0.837897 0.241480
0.840737 0.242240
0.843577 0.237500
0.846417 0.235920
0.849257 0.227150
0.852097 0.218190
0.854938 0.208350
0.857778 0.220080
0.860618 0.217300
0.863458 0.213100
0.866299 0.198470
0.869139 0.204410
0.871980 0.203990
0.874821 0.199210
0.877661 0.197450
0.880502 0.194150
0.883343 0.191440
0.886184 0.186370
0.889024 0.185490
0.891865 0.178940
0.894706 0.166020
0.897547 0.148850
0.900389 0.141650
0.903230 0.150260
0.906071 0.148600
0.908912 0.135650
0.911754 0.136220
0.914595 0.132370
0.917436 0.131060
0.920278 0.138270
0.923119 0.133140
0.925961 0.129490
0.928803 0.112220
0.931644 0.088810
0.934486 0.073890
0.937328 0.077130
0.940170 0.089130
0.943012 0.082000
0.945854 0.080500
0.948696 0.081870
0.951538 0.082290
0.954380 0.082150
0.957223 0.085290
0.960065 0.087210
0.962907 0.091550
0.965750 0.093550
0.968592 0.105450
0.971435 0.106650
0.974277 0.098980
0.977120 0.100780
0.979962 0.102570
0.982805 0.107250
0.985648 0.108260
0.988491 0.109650
0.991334 0.108510
0.994177 0.108430
0.997020 0.107980
0.999863 0.106080
1.002706 0.104330
1.005549 0.100740
1.008392 0.101700
1.011236 0.101390
1.014079 0.101790
1.016923 0.100250
1.019766 0.097940
1.022610 0.097380
1.025453 0.097220
1.028297 0.096330
1.031140 0.094830
1.033984 0.092870
1.036828 0.092100
1.039672 0.091270
1.042516 0.087870
1.045360 0.087040
