0.361587 3.107890
0.364418 3.528020
0.367248 3.739410
0.370079 3.711590
0.372909 3.309040
0.375740 3.541800
0.378571 3.859430
0.381402 3.250440
0.384233 3.010050
0.387064 3.286980
0.389895 3.665150
0.392726 3.174160
0.395557 3.258240
0.398388 4.120730
0.401219 4.999640
0.404050 4.904800
0.406882 4.743560
0.409713 4.766510
0.412545 4.884840
0.415376 4.825370
0.418208 4.645680
0.421039 4.573710
0.423871 4.405820
0.426703 4.226180
0.429534 3.748450
0.432366 3.931930
0.435198 4.195520
0.438030 4.133380
0.440862 4.202740
0.443694 4.341450
0.446526 4.288040
0.449358 4.421920
0.452191 4.334930
0.455023 4.208540
0.457855 4.191110
0.460688 4.135130
0.463520 4.073130
0.466353 3.900750
0.469185 3.807650
0.472018 3.768440
0.474850 3.728290
0.477683 3.673010
0.480516 3.651920
0.483349 3.517850
0.486182 3.163880
0.489015 3.211870
0.491848 3.199330
0.494681 3.174680
0.497514 3.095530
0.500347 2.930000
0.503180 2.839660
0.506014 2.830770
0.508847 2.743640
0.511680 2.663480
0.514514 2.513020
0.517347 2.313730
0.520181 2.350800
0.523014 2.378970
0.525848 2.306190
0.528682 2.274930
0.531516 2.272000
0.534350 2.203680
0.537183 2.162910
0.540017 2.064050
0.542851 2.023840
0.545686 1.996440
0.548520 1.938720
0.551354 1.896420
0.554188 1.856350
0.557022 1.783060
0.559857 1.716550
0.562691 1.694810
0.565526 1.640780
0.568360 1.593000
0.571195 1.538210
0.574029 1.518070
0.576864 1.464830
0.579699 1.432820
0.582534 1.426800
0.585369 1.383470
0.588203 1.301120
0.591038 1.254630
0.593874 1.250840
0.596709 1.220520
0.599544 1.179290
0.602379 1.148830
0.605214 1.131610
0.608050 1.100250
0.610885 1.062200
0.613720 1.010110
0.616556 0.913550
0.619391 0.935310
0.622227 0.936140
0.625063 0.936400
0.627898 0.911770
0.630734 0.892110
0.633570 0.889700
0.636406 0.886670
0.639242 0.874990
0.642078 0.857010
0.644914 0.838570
0.647750 0.812470
0.650586 0.797880
0.653422 0.786560
0.656259 0.722540
0.659095 0.749410
0.661931 0.758140
0.664768 0.747790
0.667604 0.734960
0.670441 0.721220
0.673277 0.705810
0.676114 0.695570
0.678951 0.685640
0.681788 0.670580
0.684624 0.636610
0.687461 0.546880
0.690298 0.551810
0.693135 0.577200
0.695972 0.583250
0.698809 0.575670
0.701647 0.558630
0.704484 0.556880
0.707321 0.554650
0.710158 0.544940
0.712996 0.531510
0.715833 0.502780
0.718671 0.448400
0.721508 0.458060
0.724346 0.448270
0.727184 0.439580
0.730021 0.436010
0.732859 0.448350
0.735697 0.452520
0.738535 0.444090
0.741373 0.439180
0.744211 0.439250
0.747049 0.433910
0.749887 0.424630
0.752725 0.415930
0.755564 0.409840
0.758402 0.337400
0.761240 0.190190
0.764079 0.219840
0.766917 0.312670
0.769756 0.361660
0.772594 0.365330
0.775433 0.363390
0.778272 0.355050
0.781110 0.351210
0.783949 0.344410
0.786788 0.336640
0.789627 0.326800
0.792466 0.317220
0.795305 0.313310
0.798144 0.308940
0.800983 0.302400
0.803822 0.295530
0.806662 0.292280
0.809501 0.284080
0.812340 0.270000
0.815180 0.246690
0.818019 0.239270
0.820859 0.242140
0.823698 0.236580
0.826538 0.242500
0.829378 0.236340
0.832217 0.235630
0.835057 0.237420
0.837897 0.239590
0.840737 0.239700
0.843577 0.235780
0.846417 0.234920
0.849257 0.224850
0.852097 0.215810
0.854938 0.207060
0.857778 0.217540
0.860618 0.214700
0.863458 0.210950
0.866299 0.196250
0.869139 0.202200
0.871980 0.202330
0.874821 0.198150
0.877661 0.196830
0.880502 0.191040
0.883343 0.190660
0.886184 0.184670
0.889024 0.183740
0.891865 0.178020
0.894706 0.164910
0.897547 0.149590
0.900389 0.141440
0.903230 0.149970
0.906071 0.149100
0.908912 0.135020
0.911754 0.135490
0.914595 0.131610
0.917436 0.131900
0.920278 0.138300
0.923119 0.133780
0.925961 0.129540
0.928803 0.113040
0.931644 0.088860
0.934486 0.074970
0.937328 0.077770
0.940170 0.089250
0.943012 0.082410
0.945854 0.081220
0.948696 0.083110
0.951538 0.083630
0.954380 0.082380
0.957223 0.084650
0.960065 0.086960
0.962907 0.091070
0.965750 0.094550
0.968592 0.104720
0.971435 0.107320
0.974277 0.100240
0.977120 0.102290
0.979962 0.103980
0.982805 0.107950
0.985648 0.109140
0.988491 0.110410
0.991334 0.110340
0.994177 0.110130
0.997020 0.107770
0.999863 0.107490
1.002706 0.104990
1.005549 0.101580
1.008392 0.103950
1.011236 0.103120
1.014079 0.101000
1.016923 0.101010
1.019766 0.101150
1.022610 0.098640
1.025453 0.099040
1.028297 0.096740
1.031140 0.097170
1.033984 0.095440
1.036828 0.096420
1.039672 0.092670
1.042516 0.093680
1.045360 0.090440
