0.361587 3.097480
0.364418 3.534070
0.367248 3.736610
0.370079 3.732360
0.372909 3.318760
0.375740 3.542190
0.378571 3.832140
0.381402 3.245900
0.384233 2.963810
0.387064 3.236600
0.389895 3.642020
0.392726 3.140920
0.395557 3.235020
0.398388 4.098260
0.401219 4.959880
0.404050 4.860360
0.406882 4.693550
0.409713 4.733080
0.412545 4.837870
0.415376 4.788870
0.418208 4.599870
0.421039 4.540240
0.423871 4.382790
0.426703 4.198890
0.429534 3.725700
0.432366 3.925830
0.435198 4.193040
0.438030 4.137630
0.440862 4.212720
0.443694 4.360830
0.446526 4.299890
0.449358 4.452440
0.452191 4.383870
0.455023 4.257730
0.457855 4.244480
0.460688 4.192850
0.463520 4.126250
0.466353 3.961360
0.469185 3.876640
0.472018 3.841780
0.474850 3.811570
0.477683 3.766420
0.480516 3.754240
0.483349 3.627720
0.486182 3.266630
0.489015 3.333800
0.491848 3.335070
0.494681 3.322140
0.497514 3.259530
0.500347 3.106950
0.503180 3.027880
0.506014 3.043300
0.508847 2.973770
0.511680 2.909880
0.514514 2.767050
0.517347 2.558760
0.520181 2.615890
0.523014 2.656750
0.525848 2.588150
0.528682 2.564910
0.531516 2.577980
0.534350 2.509610
0.537183 2.480460
0.540017 2.382360
0.542851 2.347080
0.545686 2.328350
0.548520 2.274280
0.551354 2.234210
0.554188 2.197940
0.557022 2.127060
0.559857 2.050760
0.562691 2.032680
0.565526 1.977800
0.568360 1.924530
0.571195 1.861710
0.574029 1.843420
0.576864 1.779450
0.579699 1.741930
0.582534 1.735620
0.585369 1.678090
0.588203 1.567700
0.591038 1.503160
0.593874 1.492830
0.596709 1.447040
0.599544 1.389090
0.602379 1.346000
0.605214 1.325160
0.608050 1.284340
0.610885 1.233740
0.613720 1.179720
0.616556 1.072060
0.619391 1.098090
0.622227 1.098400
0.625063 1.103300
0.627898 1.070830
0.630734 1.047670
0.633570 1.047870
0.636406 1.050370
0.639242 1.035170
0.642078 1.014650
0.644914 0.996110
0.647750 0.961840
0.650586 0.947160
0.653422 0.930580
0.656259 0.852430
0.659095 0.885660
0.661931 0.897190
0.664768 0.884480
0.667604 0.873680
0.670441 0.857690
0.673277 0.846350
0.676114 0.837850
0.678951 0.825420
0.681788 0.808410
0.684624 0.771180
0.687461 0.652320
0.690298 0.658850
0.693135 0.685580
0.695972 0.688940
0.698809 0.676560
0.701647 0.653600
0.704484 0.650880
0.707321 0.641920
0.710158 0.627130
0.712996 0.610640
0.715833 0.568770
0.718671 0.499990
0.721508 0.511000
0.724346 0.499140
0.727184 0.485550
0.730021 0.480630
0.732859 0.494650
0.735697 0.496100
0.738535 0.489120
0.741373 0.483350
0.744211 0.483390
0.747049 0.478890
0.749887 0.468550
0.752725 0.460450
0.755564 0.452180
0.758402 0.370750
0.761240 0.203650
0.764079 0.237140
0.766917 0.342080
0.769756 0.399580
0.772594 0.404970
0.775433 0.404240
0.778272 0.395650
0.781110 0.390900
0.783949 0.384480
0.786788 0.374760
0.789627 0.365510
0.792466 0.354310
0.795305 0.350740
0.798144 0.348330
0.800983 0.340420
0.803822 0.334620
0.806662 0.331340
0.809501 0.321530
0.812340 0.303560
0.815180 0.276390
0.818019 0.267100
0.820859 0.271440
0.823698 0.265070
0.826538 0.272750
0.829378 0.263950
0.832217 0.261950
0.835057 0.265780
0.837897 0.267160
0.840737 0.267450
0.843577 0.262460
0.846417 0.262190
0.849257 0.249800
0.852097 0.243150
0.854938 0.231560
0.857778 0.244920
0.860618 0.242410
0.863458 0.235810
0.866299 0.220410
0.869139 0.227100
0.871980 0.227000
0.874821 0.221920
0.877661 0.220310
0.880502 0.213900
0.883343 0.213410
0.886184 0.207390
0.889024 0.205700
0.891865 0.198570
0.894706 0.183090
0.897547 0.164120
0.900389 0.155130
0.903230 0.166380
0.906071 0.163660
0.908912 0.149480
0.911754 0.150640
0.914595 0.144730
0.917436 0.144730
0.920278 0.153160
0.923119 0.147280
0.925961 0.142870
0.928803 0.122540
0.931644 0.094660
0.934486 0.078620
0.937328 0.082010
0.940170 0.096930
0.943012 0.087170
0.945854 0.085780
0.948696 0.088290
0.951538 0.087930
0.954380 0.088020
0.957223 0.090620
0.960065 0.093620
0.962907 0.099450
0.965750 0.102840
0.968592 0.115730
0.971435 0.117660
0.974277 0.110530
0.977120 0.111460
0.979962 0.113110
0.982805 0.118590
0.985648 0.121320
0.988491 0.123750
0.991334 0.121700
0.994177 0.121250
0.997020 0.121180
0.999863 0.119640
1.002706 0.116430
1.005549 0.112960
1.008392 0.114970
1.011236 0.114490
1.014079 0.113610
1.016923 0.112540
1.019766 0.111050
1.022610 0.109560
1.025453 0.109760
1.028297 0.109780
1.031140 0.109340
1.033984 0.105090
1.036828 0.104540
1.039672 0.104050
1.042516 0.103900
1.045360 0.100710
