   4  0.3615872344  0.0033394409
   5  0.3644177161  0.0034756078
   6  0.3672482539  0.0034084693
   7  0.3700788481  0.0033943152
   8  0.3729094984  0.0034116944
   9  0.3757402050  0.0033874879
  10  0.3785709679  0.0034059013
  11  0.3814017869  0.0034064520
  12  0.3842326623  0.0033905202
  13  0.3870635938  0.0033926380
  14  0.3898945816  0.0034258321
  15  0.3927256257  0.0034318460
  16  0.3955567259  0.0034325798
  17  0.3983878825  0.0034757512
  18  0.4012190952  0.0034281215
  19  0.4040503642  0.0034830266
  20  0.4068816895  0.0034926725
  21  0.4097130709  0.0034683729
  22  0.4125445087  0.0034826203
  23  0.4153760026  0.0035037524
  24  0.4182075528  0.0034882704
  25  0.4210391593  0.0034921381
  26  0.4238708219  0.0034905051
  27  0.4267025409  0.0035063298
  28  0.4295343160  0.0035044375
  29  0.4323661474  0.0034654767
  30  0.4351980351  0.0034790550
  31  0.4380299789  0.0034981995
  32  0.4408619791  0.0034592125
  33  0.4436940354  0.0034858792
  34  0.4465261480  0.0035111091
  35  0.4493583169  0.0034832420
  36  0.4521905419  0.0035267087
  37  0.4550228233  0.0035498395
  38  0.4578551608  0.0035461348
  39  0.4606875546  0.0036189850
  40  0.4635200047  0.0035973985
  41  0.4663525109  0.0035891836
  42  0.4691850735  0.0035909145
  43  0.4720176922  0.0035870759
  44  0.4748503672  0.0036137693
  45  0.4776830985  0.0035936196
  46  0.4805158859  0.0036020654
  47  0.4833487297  0.0036060953
  48  0.4861816296  0.0035590945
  49  0.4890145858  0.0035666892
  50  0.4918475983  0.0035833635
  51  0.4946806669  0.0035731945
  52  0.4975137919  0.0035883982
  53  0.5003469730  0.0035152926
  54  0.5031802104  0.0035886899
  55  0.5060135041  0.0036163851
  56  0.5088468539  0.0036367902
  57  0.5116802601  0.0036440488
  58  0.5145137224  0.0036832958
  59  0.5173472410  0.0036598256
  60  0.5201808159  0.0036212146
  61  0.5230144469  0.0036423137
  62  0.5258481343  0.0036546232
  63  0.5286818778  0.0036324644
  64  0.5315156776  0.0036067977
  65  0.5343495337  0.0035174648
  66  0.5371834459  0.0036468745
  67  0.5400174145  0.0034764597
  68  0.5428514392  0.0035637861
  69  0.5456855202  0.0035789386
  70  0.5485196575  0.0036006890
  71  0.5513538509  0.0037694644
  72  0.5541881007  0.0036037922
  73  0.5570224066  0.0036126809
  74  0.5598567688  0.0035843074
  75  0.5626911873  0.0036585135
  76  0.5655256619  0.0036318135
  77  0.5683601929  0.0036406189
  78  0.5711947800  0.0036685796
  79  0.5740294234  0.0036243909
  80  0.5768641231  0.0036556585
  81  0.5796988789  0.0036327179
  82  0.5825336911  0.0036207187
  83  0.5853685594  0.0036127338
  84  0.5882034840  0.0036315915
  85  0.5910384649  0.0036434238
  86  0.5938735019  0.0035337597
  87  0.5967085953  0.0035433110
  88  0.5995437448  0.0036513681
  89  0.6023789506  0.0036045437
  90  0.6052142127  0.0037266688
  91  0.6080495309  0.0037379761
  92  0.6108849055  0.0039356960
  93  0.6137203362  0.0042244508
  94  0.6165558232  0.0045805412
  95  0.6193913665  0.0039346601
  96  0.6222269659  0.0034311844
  97  0.6250626217  0.0034445931
  98  0.6278983336  0.0036172103
  99  0.6307341018  0.0035819206
 100  0.6335699263  0.0036173914
 101  0.6364058069  0.0035863952
 102  0.6392417439  0.0035038141
 103  0.6420777370  0.0036597783
 104  0.6449137864  0.0035638742
 105  0.6477498921  0.0036994920
 106  0.6505860539  0.0035956836
 107  0.6534222721  0.0035756645
 108  0.6562585464  0.0035693258
 109  0.6590948770  0.0036027940
 110  0.6619312639  0.0035705707
 111  0.6647677069  0.0035582107
 112  0.6676042063  0.0036298044
 113  0.6704407618  0.0036015434
 114  0.6732773736  0.0036400197
 115  0.6761140417  0.0036151755
 116  0.6789507659  0.0036095859
 117  0.6817875465  0.0035985559
 118  0.6846243832  0.0036187332
 119  0.6874612762  0.0036101934
 120  0.6902982255  0.0035924213
 121  0.6931352309  0.0036013970
 122  0.6959722927  0.0035782748
 123  0.6988094106  0.0036169372
 124  0.7016465848  0.0035389249
 125  0.7044838153  0.0035829639
 126  0.7073211019  0.0035601360
 127  0.7101584449  0.0035231668
 128  0.7129958440  0.0035541071
 129  0.7158332994  0.0035492022
 130  0.7186708111  0.0035219777
 131  0.7215083789  0.0035581065
 132  0.7243460031  0.0035627167
 133  0.7271836834  0.0035935787
 134  0.7300214200  0.0035860699
 135  0.7328592129  0.0035859223
 136  0.7356970619  0.0035832642
 137  0.7385349673  0.0035914734
 138  0.7413729288  0.0035792254
 139  0.7442109466  0.0035628697
 140  0.7470490207  0.0035627200
 141  0.7498871509  0.0035421224
 142  0.7527253375  0.0035110359
 143  0.7555635802  0.0035124409
 144  0.7584018792  0.0035151271
 145  0.7612402345  0.0034799411
 146  0.7640786459  0.0034845625
 147  0.7669171137  0.0035005559
 148  0.7697556376  0.0034946594
 149  0.7725942178  0.0035039440
 150  0.7754328543  0.0034958480
 151  0.7782715469  0.0035344280
 152  0.7811102959  0.0035223017
 153  0.7839491010  0.0035091424
 154  0.7867879624  0.0034978560
 155  0.7896268801  0.0035318932
 156  0.7924658539  0.0035188145
 157  0.7953048841  0.0034911240
 158  0.7981439704  0.0034852118
 159  0.8009831130  0.0034857022
 160  0.8038223119  0.0034470012
 161  0.8066615669  0.0034643712
 162  0.8095008783  0.0034438803
 163  0.8123402458  0.0034121905
 164  0.8151796696  0.0034481793
 165  0.8180191497  0.0034431587
 166  0.8208586859  0.0034382163
 167  0.8236982785  0.0034561609
 168  0.8265379272  0.0034623466
 169  0.8293776322  0.0034750012
 170  0.8322173935  0.0034363685
 171  0.8350572109  0.0034545158
 172  0.8378970847  0.0034776495
 173  0.8407370146  0.0034621800
 174  0.8435770008  0.0034267437
 175  0.8464170433  0.0034083094
 176  0.8492571419  0.0034402121
 177  0.8520972969  0.0034047922
 178  0.8549375080  0.0033972421
 179  0.8577777754  0.0034096620
 180  0.8606180991  0.0034101536
 181  0.8634584789  0.0034181217
 182  0.8662989151  0.0034324016
 183  0.8691394074  0.0034192535
 184  0.8719799560  0.0034365310
 185  0.8748205609  0.0034162897
 186  0.8776612219  0.0034377065
 187  0.8805019393  0.0034633184
 188  0.8833427128  0.0034364244
 189  0.8861835426  0.0034450435
 190  0.8890244287  0.0034237983
 191  0.8918653709  0.0034021947
 192  0.8947063695  0.0034108002
 193  0.8975474242  0.0034079643
 194  0.9003885352  0.0033685797
 195  0.9032297025  0.0033397631
 196  0.9060709259  0.0033593179
 197  0.9089122057  0.0033403537
 198  0.9117535416  0.0033513067
 199  0.9145949338  0.0033713595
 200  0.9174363823  0.0033182767
 201  0.9202778869  0.0033583400
 202  0.9231194479  0.0033341669
 203  0.9259610650  0.0033766504
 204  0.9288027384  0.0033596581
 205  0.9316444681  0.0033581825
 206  0.9344862539  0.0033520947
 207  0.9373280961  0.0033486644
 208  0.9401699944  0.0033511334
 209  0.9430119490  0.0033247331
 210  0.9458539599  0.0033337422
 211  0.9486960269  0.0033079758
 212  0.9515381503  0.0033111704
 213  0.9543803298  0.0033126655
 214  0.9572225656  0.0032780012
 215  0.9600648577  0.0032884156
 216  0.9629072059  0.0032858426
 217  0.9657496105  0.0032876047
 218  0.9685920712  0.0032866374
 219  0.9714345882  0.0032947116
 220  0.9742771615  0.0033104496
 221  0.9771197909  0.0033072709
 222  0.9799624767  0.0033058274
 223  0.9828052186  0.0033301634
 224  0.9856480168  0.0033041642
 225  0.9884908713  0.0033025139
 226  0.9913337819  0.0033044812
 227  0.9941767489  0.0033002106
 228  0.9970197720  0.0032869920
 229  0.9998628514  0.0032883613
 230  1.0027059871  0.0033005187
 231  1.0055491789  0.0032969416
 232  1.0083924271  0.0033214572
 233  1.0112357314  0.0032844440
 234  1.0140790920  0.0033223230
 235  1.0169225089  0.0033262401
 236  1.0197659819  0.0033677143
 237  1.0226095113  0.0033397803
 238  1.0254530968  0.0033219826
 239  1.0282967386  0.0033465911
 240  1.0311404367  0.0033261641
 241  1.0339841909  0.0033242143
 242  1.0368280015  0.0033333593
 243  1.0396718682  0.0033270592
 244  1.0425157912  0.0033139529
 245  1.0453597705  0.0033260779
