1.216457966149999903e+00
1.170010664351999852e+00
1.125491062090000050e+00
1.088138209715999949e+00
1.072240997991999789e+00
1.001493890858000002e+00
1.001689329677999840e+00
1.001440922399999822e+00
9.399178647950000576e-01
9.507625978180000992e-01
9.164345948379999385e-01
9.321642330179998881e-01
9.039474385799999290e-01
8.864717384320000004e-01
8.858178841200000653e-01
8.867199261909999297e-01
8.808216242640000138e-01
8.769695332839999580e-01
8.719838757280000685e-01
8.680492303700000356e-01
8.711160814080000092e-01
8.672744253459998554e-01
8.644086922650000560e-01
8.646709379440000731e-01
8.609393247159999873e-01
8.564152940399999414e-01
8.508542939759998758e-01
8.510566069259999367e-01
8.470545284999999591e-01
8.429851936439999305e-01
8.376882458490000349e-01
8.338152091710000491e-01
8.323648951540000285e-01
8.286167861899998988e-01
8.272193829400000809e-01
8.250456984870000454e-01
8.213524014690000152e-01
8.184375653200000045e-01
8.166640333819999986e-01
8.125990510399998534e-01
8.113303573650000322e-01
8.078618508999999559e-01
8.036354905179999841e-01
8.027437939920000209e-01
7.948683092909999415e-01
7.942743231350000155e-01
7.900454070840000620e-01
7.870792183200000514e-01
7.846694208519998659e-01
7.756521972500001194e-01
7.700268301050000597e-01
7.659276050430000593e-01
7.617504303900000107e-01
7.573428926080000290e-01
7.572780518399999661e-01
7.485367129680000620e-01
7.462569812299999494e-01
7.432565666159999251e-01
7.435884079779999656e-01
7.385377459680000367e-01
7.379765462159999512e-01
7.343531928839999168e-01
7.334825356440000110e-01
7.328968374239999140e-01
7.312062698669999916e-01
7.310236289909999297e-01
7.290025301260000257e-01
7.332979690559999764e-01
7.291134605440000582e-01
7.224072532400001023e-01
7.185996160310000880e-01
7.170869131020000120e-01
7.158207378140000188e-01
7.171447227280000059e-01
7.223497628749999677e-01
7.235610660619999912e-01
7.217548686920000067e-01
7.156051647359999990e-01
7.065996891800000457e-01
7.015434641159999929e-01
7.056713612399999613e-01
7.136912378069999452e-01
7.110420563810000427e-01
7.067134643050000387e-01
7.013880049640000003e-01
6.956444176499999577e-01
6.969923070239999463e-01
6.996142283799999806e-01
7.068179152000000354e-01
7.246065718199999894e-01
7.789571786450000257e-01
7.554241692750000015e-01
7.384808909519999798e-01
7.118499449249999778e-01
7.235492827549999673e-01
7.136564518680000857e-01
7.091983660299999714e-01
7.040869670660000468e-01
6.983313127239999529e-01
6.942408060120000002e-01
6.954910092799999610e-01
7.016252641200000362e-01
7.001518845599999930e-01
6.933118649999999716e-01
6.886230371299999486e-01
6.813515462559999181e-01
6.745143319920000602e-01
6.684022257240000986e-01
6.719349638980000039e-01
6.790637592830000013e-01
6.806277823409999650e-01
6.810226859280000822e-01
6.725596550180000799e-01
6.690936944159999733e-01
6.595103677170000012e-01
5.946973080459999617e-01
6.633092526500000696e-01
6.859946983679999777e-01
6.899589279600000236e-01
6.866458423799999267e-01
6.903045121319999478e-01
6.811237125000000336e-01
6.736155940319999980e-01
6.677835697170000362e-01
6.597134679960000581e-01
6.845545880919999826e-01
7.394619223799999697e-01
7.147316722900000086e-01
7.174222611000000693e-01
7.172749799999998954e-01
7.012791153420000478e-01
6.725685390540000475e-01
6.564500974999999405e-01
6.456924924119998854e-01
6.370756985700000152e-01
6.334060439549999977e-01
6.319919462999999960e-01
6.321093589359999543e-01
6.301844670160000605e-01
6.235893266680000435e-01
5.127184089649999832e-01
4.860527275380000511e-01
6.504430662379999672e-01
6.289844811360000287e-01
6.208504384439998969e-01
6.144083272470000079e-01
6.129702884759999915e-01
6.090165521970000162e-01
6.054646772449999714e-01
6.057451824669999318e-01
6.070590623470000224e-01
6.170999974560000823e-01
6.126245875000000396e-01
6.120760379999999889e-01
6.088021979100000092e-01
6.133504060320000839e-01
6.125247358999998948e-01
6.092207276159999907e-01
6.193875964639998788e-01
6.372910143519999737e-01
6.809837870220001310e-01
6.833019491609999552e-01
6.570532388149999958e-01
6.597456118889999388e-01
6.346039590540000219e-01
6.431640616439999736e-01
6.266716875199999093e-01
6.068569770999999724e-01
5.951095401860000411e-01
5.910391863719999250e-01
5.819502921749999391e-01
5.768691132519999654e-01
5.709712559099999751e-01
5.763713069999999439e-01
5.672562617899999937e-01
5.665049113700000305e-01
5.651476789850000682e-01
5.720819871879999630e-01
5.753118355819999419e-01
5.782160562640000778e-01
5.791484201600000103e-01
5.739276784000000298e-01
5.665182382600000288e-01
5.616536517000000339e-01
5.660954732949999846e-01
5.618750779979999610e-01
5.567776612500000555e-01
5.644580425559999615e-01
5.966852714100000510e-01
6.368094944019999648e-01
6.535313179230000102e-01
6.047677906639999934e-01
6.059055589440000000e-01
6.351565309579999541e-01
6.345284854370000227e-01
6.504324638700000882e-01
6.389119223399999381e-01
6.043671221419999462e-01
5.915748525630000199e-01
5.941229627159999582e-01
6.776577482569999811e-01
8.279449347470000387e-01
9.815375395559999827e-01
9.214937504999999307e-01
7.876718279429999470e-01
8.242013430719999922e-01
8.456600629730000040e-01
8.071850201110000178e-01
7.952498001539999306e-01
7.796885056679999648e-01
7.500128848949999538e-01
7.333470771210000017e-01
6.839047741479999942e-01
6.625032735360000258e-01
5.909768605879999193e-01
5.726735683199999372e-01
6.044512787759999117e-01
5.800329846480000162e-01
5.599154036310001192e-01
5.295746037499999836e-01
5.180007852110000144e-01
5.081398732799999873e-01
4.985246892319999956e-01
4.948075327500000009e-01
4.932551873689999811e-01
4.917450458689999748e-01
4.963375402160000172e-01
4.896851226719999284e-01
4.862097757440000390e-01
4.893130162500000102e-01
4.804467026100000537e-01
4.873499849519999927e-01
4.727703432880000500e-01
4.697357535090000424e-01
4.729205867680000286e-01
4.677691446749999704e-01
4.540906001569999795e-01
4.539009309070000109e-01
4.495195169549999759e-01
4.541040160959999850e-01
4.432169087999999757e-01
4.325057490159999740e-01
