0.000000000000000000e+00 3.768600000000000283e-01 5.570000000000000298e-03
1.000000000000000000e+00 3.818699999999999872e-01 5.579999999999999891e-03
2.000000000000000000e+00 3.868800000000000017e-01 5.579999999999999891e-03
3.000000000000000000e+00 3.918899999999999606e-01 5.579999999999999891e-03
4.000000000000000000e+00 3.968899999999999650e-01 5.589999999999999483e-03
5.000000000000000000e+00 4.018999999999999795e-01 5.589999999999999483e-03
6.000000000000000000e+00 4.069100000000000494e-01 5.589999999999999483e-03
7.000000000000000000e+00 4.119200000000000084e-01 5.599999999999999943e-03
8.000000000000000000e+00 4.169300000000000228e-01 5.599999999999999943e-03
9.000000000000000000e+00 4.219399999999999817e-01 5.599999999999999943e-03
1.000000000000000000e+01 4.269499999999999962e-01 5.599999999999999943e-03
1.100000000000000000e+01 4.319599999999999551e-01 5.610000000000000403e-03
1.200000000000000000e+01 4.369599999999999596e-01 5.610000000000000403e-03
1.300000000000000000e+01 4.419700000000000295e-01 5.610000000000000403e-03
1.400000000000000000e+01 4.469800000000000439e-01 5.619999999999999996e-03
1.500000000000000000e+01 4.519900000000000029e-01 5.619999999999999996e-03
1.600000000000000000e+01 4.570000000000000173e-01 5.619999999999999996e-03
1.700000000000000000e+01 4.620099999999999763e-01 5.619999999999999996e-03
1.800000000000000000e+01 4.670199999999999907e-01 5.629999999999999588e-03
1.900000000000000000e+01 4.720199999999999951e-01 5.629999999999999588e-03
2.000000000000000000e+01 4.770299999999999541e-01 5.629999999999999588e-03
2.100000000000000000e+01 4.820400000000000240e-01 5.640000000000000048e-03
2.200000000000000000e+01 4.870500000000000385e-01 5.640000000000000048e-03
2.300000000000000000e+01 4.920599999999999974e-01 5.640000000000000048e-03
2.400000000000000000e+01 4.970700000000000118e-01 5.640000000000000048e-03
2.500000000000000000e+01 5.020799999999999708e-01 5.650000000000000508e-03
2.600000000000000000e+01 5.070899999999999297e-01 5.650000000000000508e-03
2.700000000000000000e+01 5.120900000000000452e-01 5.650000000000000508e-03
2.800000000000000000e+01 5.171000000000000041e-01 5.650000000000000508e-03
2.900000000000000000e+01 5.221099999999999630e-01 5.660000000000000100e-03
3.000000000000000000e+01 5.271200000000000330e-01 5.660000000000000100e-03
3.100000000000000000e+01 5.321299999999999919e-01 5.660000000000000100e-03
3.200000000000000000e+01 5.371399999999999508e-01 5.660000000000000100e-03
3.300000000000000000e+01 5.421500000000000208e-01 5.660000000000000100e-03
3.400000000000000000e+01 5.471500000000000252e-01 5.669999999999999693e-03
3.500000000000000000e+01 5.521599999999999842e-01 5.669999999999999693e-03
3.600000000000000000e+01 5.571699999999999431e-01 5.669999999999999693e-03
3.700000000000000000e+01 5.621799999999999020e-01 5.669999999999999693e-03
3.800000000000000000e+01 5.671900000000000830e-01 5.679999999999999286e-03
3.900000000000000000e+01 5.722000000000000419e-01 5.679999999999999286e-03
4.000000000000000000e+01 5.772100000000000009e-01 5.679999999999999286e-03
4.100000000000000000e+01 5.822200000000000708e-01 5.679999999999999286e-03
4.200000000000000000e+01 5.872200000000000752e-01 5.679999999999999286e-03
4.300000000000000000e+01 5.922300000000000342e-01 5.690000000000000613e-03
4.400000000000000000e+01 5.972399999999999931e-01 5.690000000000000613e-03
4.500000000000000000e+01 6.022499999999999520e-01 5.690000000000000613e-03
4.600000000000000000e+01 6.072600000000000220e-01 5.690000000000000613e-03
4.700000000000000000e+01 6.122699999999999809e-01 5.690000000000000613e-03
4.800000000000000000e+01 6.172799999999999399e-01 5.700000000000000205e-03
4.900000000000000000e+01 6.222799999999999443e-01 5.700000000000000205e-03
5.000000000000000000e+01 6.272900000000000142e-01 5.700000000000000205e-03
5.100000000000000000e+01 6.322999999999999732e-01 5.700000000000000205e-03
5.200000000000000000e+01 6.373099999999999321e-01 5.700000000000000205e-03
5.300000000000000000e+01 6.423200000000000021e-01 5.700000000000000205e-03
5.400000000000000000e+01 6.473300000000000720e-01 5.709999999999999798e-03
5.500000000000000000e+01 6.523400000000000309e-01 5.709999999999999798e-03
5.600000000000000000e+01 6.573499999999999899e-01 5.709999999999999798e-03
5.700000000000000000e+01 6.623499999999999943e-01 5.709999999999999798e-03
5.800000000000000000e+01 6.673600000000000643e-01 5.709999999999999798e-03
5.900000000000000000e+01 6.723700000000000232e-01 5.709999999999999798e-03
6.000000000000000000e+01 6.773799999999999821e-01 5.719999999999999390e-03
6.100000000000000000e+01 6.823899999999999411e-01 5.719999999999999390e-03
6.200000000000000000e+01 6.874000000000000110e-01 5.719999999999999390e-03
6.300000000000000000e+01 6.924099999999999699e-01 5.719999999999999390e-03
6.400000000000000000e+01 6.974099999999999744e-01 5.719999999999999390e-03
6.500000000000000000e+01 7.024199999999999333e-01 5.719999999999999390e-03
6.600000000000000000e+01 7.074300000000000033e-01 5.719999999999999390e-03
6.700000000000000000e+01 7.124400000000000732e-01 5.730000000000000718e-03
6.800000000000000000e+01 7.174500000000000322e-01 5.730000000000000718e-03
6.900000000000000000e+01 7.224599999999999911e-01 5.730000000000000718e-03
7.000000000000000000e+01 7.274700000000000610e-01 5.730000000000000718e-03
7.100000000000000000e+01 7.324800000000000200e-01 5.730000000000000718e-03
7.200000000000000000e+01 7.374800000000000244e-01 5.730000000000000718e-03
7.300000000000000000e+01 7.424899999999999833e-01 5.730000000000000718e-03
7.400000000000000000e+01 7.475000000000000533e-01 5.730000000000000718e-03
7.500000000000000000e+01 7.525100000000000122e-01 5.740000000000000310e-03
7.600000000000000000e+01 7.575199999999999712e-01 5.740000000000000310e-03
7.700000000000000000e+01 7.625299999999999301e-01 5.740000000000000310e-03
7.800000000000000000e+01 7.675400000000000000e-01 5.740000000000000310e-03
7.900000000000000000e+01 7.725400000000000045e-01 5.740000000000000310e-03
8.000000000000000000e+01 7.775499999999999634e-01 5.740000000000000310e-03
8.100000000000000000e+01 7.825599999999999223e-01 5.740000000000000310e-03
8.200000000000000000e+01 7.875700000000001033e-01 5.740000000000000310e-03
8.300000000000000000e+01 7.925800000000000622e-01 5.740000000000000310e-03
8.400000000000000000e+01 7.975900000000000212e-01 5.749999999999999903e-03
8.500000000000000000e+01 8.025999999999999801e-01 5.749999999999999903e-03
8.600000000000000000e+01 8.076100000000000501e-01 5.749999999999999903e-03
8.700000000000000000e+01 8.126100000000000545e-01 5.749999999999999903e-03
8.800000000000000000e+01 8.176200000000000134e-01 5.749999999999999903e-03
8.900000000000000000e+01 8.226299999999999724e-01 5.749999999999999903e-03
9.000000000000000000e+01 8.276399999999999313e-01 5.749999999999999903e-03
9.100000000000000000e+01 8.326500000000000012e-01 5.749999999999999903e-03
9.200000000000000000e+01 8.376599999999999602e-01 5.749999999999999903e-03
9.300000000000000000e+01 8.426699999999999191e-01 5.749999999999999903e-03
9.400000000000000000e+01 8.476699999999999235e-01 5.759999999999999495e-03
9.500000000000000000e+01 8.526799999999999935e-01 5.759999999999999495e-03
9.600000000000000000e+01 8.576900000000000635e-01 5.759999999999999495e-03
9.700000000000000000e+01 8.627000000000000224e-01 5.759999999999999495e-03
9.800000000000000000e+01 8.677099999999999813e-01 5.759999999999999495e-03
9.900000000000000000e+01 8.727200000000000513e-01 5.759999999999999495e-03
1.000000000000000000e+02 8.777300000000000102e-01 5.759999999999999495e-03
1.010000000000000000e+02 8.827399999999999691e-01 5.759999999999999495e-03
1.020000000000000000e+02 8.877399999999999736e-01 5.759999999999999495e-03
1.030000000000000000e+02 8.927500000000000435e-01 5.759999999999999495e-03
1.040000000000000000e+02 8.977600000000000025e-01 5.759999999999999495e-03
1.050000000000000000e+02 9.027699999999999614e-01 5.759999999999999495e-03
1.060000000000000000e+02 9.077799999999999203e-01 5.759999999999999495e-03
1.070000000000000000e+02 9.127899999999999903e-01 5.769999999999999955e-03
1.080000000000000000e+02 9.177999999999999492e-01 5.769999999999999955e-03
1.090000000000000000e+02 9.228099999999999081e-01 5.769999999999999955e-03
1.100000000000000000e+02 9.278099999999999126e-01 5.769999999999999955e-03
1.110000000000000000e+02 9.328200000000000935e-01 5.769999999999999955e-03
1.120000000000000000e+02 9.378300000000000525e-01 5.769999999999999955e-03
1.130000000000000000e+02 9.428400000000000114e-01 5.769999999999999955e-03
1.140000000000000000e+02 9.478499999999999703e-01 5.769999999999999955e-03
1.150000000000000000e+02 9.528600000000000403e-01 5.769999999999999955e-03
1.160000000000000000e+02 9.578699999999999992e-01 5.769999999999999955e-03
1.170000000000000000e+02 9.628700000000000037e-01 5.769999999999999955e-03
1.180000000000000000e+02 9.678799999999999626e-01 5.769999999999999955e-03
1.190000000000000000e+02 9.728900000000000325e-01 5.769999999999999955e-03
1.200000000000000000e+02 9.778999999999999915e-01 5.769999999999999955e-03
1.210000000000000000e+02 9.829099999999999504e-01 5.769999999999999955e-03
1.220000000000000000e+02 9.879199999999999093e-01 5.769999999999999955e-03
1.230000000000000000e+02 9.929299999999999793e-01 5.769999999999999955e-03
1.240000000000000000e+02 9.979400000000000492e-01 5.769999999999999955e-03
1.250000000000000000e+02 1.002940000000000165e+00 5.780000000000000415e-03
1.260000000000000000e+02 1.007950000000000124e+00 5.780000000000000415e-03
1.270000000000000000e+02 1.012960000000000083e+00 5.780000000000000415e-03
1.280000000000000000e+02 1.017970000000000041e+00 5.780000000000000415e-03
1.290000000000000000e+02 1.022980000000000000e+00 5.780000000000000415e-03
1.300000000000000000e+02 1.027989999999999959e+00 5.780000000000000415e-03
1.310000000000000000e+02 1.032999999999999918e+00 5.780000000000000415e-03
1.320000000000000000e+02 1.038000000000000034e+00 5.780000000000000415e-03
1.330000000000000000e+02 1.043009999999999993e+00 5.780000000000000415e-03
1.340000000000000000e+02 1.048019999999999952e+00 5.780000000000000415e-03
1.350000000000000000e+02 1.053029999999999911e+00 5.780000000000000415e-03
1.360000000000000000e+02 1.058039999999999869e+00 5.780000000000000415e-03
1.370000000000000000e+02 1.063050000000000050e+00 5.780000000000000415e-03
1.380000000000000000e+02 1.068060000000000009e+00 5.780000000000000415e-03
1.390000000000000000e+02 1.073069999999999968e+00 5.780000000000000415e-03
1.400000000000000000e+02 1.078069999999999862e+00 5.780000000000000415e-03
1.410000000000000000e+02 1.083079999999999821e+00 5.780000000000000415e-03
1.420000000000000000e+02 1.088090000000000002e+00 5.780000000000000415e-03
1.430000000000000000e+02 1.093099999999999961e+00 5.780000000000000415e-03
1.440000000000000000e+02 1.098109999999999919e+00 5.780000000000000415e-03
1.450000000000000000e+02 1.103119999999999878e+00 5.780000000000000415e-03
1.460000000000000000e+02 1.108130000000000059e+00 5.780000000000000415e-03
1.470000000000000000e+02 1.113130000000000175e+00 5.780000000000000415e-03
1.480000000000000000e+02 1.118140000000000134e+00 5.780000000000000415e-03
1.490000000000000000e+02 1.123150000000000093e+00 5.780000000000000415e-03
1.500000000000000000e+02 1.128160000000000052e+00 5.780000000000000415e-03
1.510000000000000000e+02 1.133170000000000011e+00 5.780000000000000415e-03
1.520000000000000000e+02 1.138179999999999970e+00 5.780000000000000415e-03
1.530000000000000000e+02 1.143190000000000150e+00 5.780000000000000415e-03
1.540000000000000000e+02 1.148200000000000109e+00 5.780000000000000415e-03
1.550000000000000000e+02 1.153200000000000003e+00 5.780000000000000415e-03
1.560000000000000000e+02 1.158209999999999962e+00 5.790000000000000008e-03
1.570000000000000000e+02 1.163219999999999921e+00 5.790000000000000008e-03
1.580000000000000000e+02 1.168230000000000102e+00 5.790000000000000008e-03
1.590000000000000000e+02 1.173240000000000061e+00 5.790000000000000008e-03
1.600000000000000000e+02 1.178250000000000020e+00 5.790000000000000008e-03
1.610000000000000000e+02 1.183259999999999978e+00 5.790000000000000008e-03
1.620000000000000000e+02 1.188260000000000094e+00 5.790000000000000008e-03
1.630000000000000000e+02 1.193270000000000053e+00 5.790000000000000008e-03
1.640000000000000000e+02 1.198280000000000012e+00 5.790000000000000008e-03
1.650000000000000000e+02 1.203289999999999971e+00 5.790000000000000008e-03
1.660000000000000000e+02 1.208299999999999930e+00 5.790000000000000008e-03
1.670000000000000000e+02 1.213309999999999889e+00 5.790000000000000008e-03
1.680000000000000000e+02 1.218319999999999848e+00 5.790000000000000008e-03
1.690000000000000000e+02 1.223330000000000028e+00 5.790000000000000008e-03
1.700000000000000000e+02 1.228329999999999922e+00 5.790000000000000008e-03
1.710000000000000000e+02 1.233339999999999881e+00 5.790000000000000008e-03
1.720000000000000000e+02 1.238349999999999840e+00 5.790000000000000008e-03
1.730000000000000000e+02 1.243359999999999799e+00 5.790000000000000008e-03
1.740000000000000000e+02 1.248369999999999980e+00 5.790000000000000008e-03
1.750000000000000000e+02 1.253380000000000161e+00 5.790000000000000008e-03
1.760000000000000000e+02 1.258390000000000120e+00 5.790000000000000008e-03
1.770000000000000000e+02 1.263390000000000013e+00 5.790000000000000008e-03
1.780000000000000000e+02 1.268400000000000194e+00 5.790000000000000008e-03
1.790000000000000000e+02 1.273410000000000153e+00 5.790000000000000008e-03
1.800000000000000000e+02 1.278420000000000112e+00 5.790000000000000008e-03
1.810000000000000000e+02 1.283430000000000071e+00 5.790000000000000008e-03
1.820000000000000000e+02 1.288440000000000030e+00 5.790000000000000008e-03
1.830000000000000000e+02 1.293449999999999989e+00 5.790000000000000008e-03
1.840000000000000000e+02 1.298459999999999948e+00 5.790000000000000008e-03
1.850000000000000000e+02 1.303460000000000063e+00 5.790000000000000008e-03
1.860000000000000000e+02 1.308470000000000022e+00 5.790000000000000008e-03
1.870000000000000000e+02 1.313479999999999981e+00 5.790000000000000008e-03
1.880000000000000000e+02 1.318489999999999940e+00 5.790000000000000008e-03
1.890000000000000000e+02 1.323499999999999899e+00 5.790000000000000008e-03
1.900000000000000000e+02 1.328510000000000080e+00 5.790000000000000008e-03
1.910000000000000000e+02 1.333520000000000039e+00 5.790000000000000008e-03
1.920000000000000000e+02 1.338519999999999932e+00 5.790000000000000008e-03
1.930000000000000000e+02 1.343529999999999891e+00 5.790000000000000008e-03
1.940000000000000000e+02 1.348540000000000072e+00 5.790000000000000008e-03
1.950000000000000000e+02 1.353550000000000031e+00 5.790000000000000008e-03
1.960000000000000000e+02 1.358559999999999990e+00 5.790000000000000008e-03
1.970000000000000000e+02 1.363569999999999949e+00 5.790000000000000008e-03
1.980000000000000000e+02 1.368579999999999908e+00 5.790000000000000008e-03
1.990000000000000000e+02 1.373589999999999867e+00 5.790000000000000008e-03
2.000000000000000000e+02 1.378589999999999982e+00 5.790000000000000008e-03
2.010000000000000000e+02 1.383599999999999941e+00 5.790000000000000008e-03
2.020000000000000000e+02 1.388609999999999900e+00 5.790000000000000008e-03
2.030000000000000000e+02 1.393619999999999859e+00 5.790000000000000008e-03
2.040000000000000000e+02 1.398630000000000040e+00 5.790000000000000008e-03
2.050000000000000000e+02 1.403639999999999999e+00 5.790000000000000008e-03
2.060000000000000000e+02 1.408650000000000180e+00 5.790000000000000008e-03
2.070000000000000000e+02 1.413650000000000073e+00 5.790000000000000008e-03
2.080000000000000000e+02 1.418660000000000032e+00 5.790000000000000008e-03
2.090000000000000000e+02 1.423669999999999991e+00 5.790000000000000008e-03
2.100000000000000000e+02 1.428680000000000172e+00 5.790000000000000008e-03
2.110000000000000000e+02 1.433690000000000131e+00 5.790000000000000008e-03
2.120000000000000000e+02 1.438700000000000090e+00 5.790000000000000008e-03
2.130000000000000000e+02 1.443710000000000049e+00 5.790000000000000008e-03
2.140000000000000000e+02 1.448720000000000008e+00 5.790000000000000008e-03
2.150000000000000000e+02 1.453720000000000123e+00 5.799999999999999600e-03
2.160000000000000000e+02 1.458730000000000082e+00 5.799999999999999600e-03
2.170000000000000000e+02 1.463740000000000041e+00 5.799999999999999600e-03
2.180000000000000000e+02 1.468750000000000000e+00 5.799999999999999600e-03
2.190000000000000000e+02 1.473759999999999959e+00 5.799999999999999600e-03
2.200000000000000000e+02 1.478769999999999918e+00 5.799999999999999600e-03
2.210000000000000000e+02 1.483779999999999877e+00 5.799999999999999600e-03
2.220000000000000000e+02 1.488779999999999992e+00 5.799999999999999600e-03
2.230000000000000000e+02 1.493789999999999951e+00 5.799999999999999600e-03
2.240000000000000000e+02 1.498799999999999910e+00 5.799999999999999600e-03
2.250000000000000000e+02 1.503809999999999869e+00 5.799999999999999600e-03
2.260000000000000000e+02 1.508819999999999828e+00 5.799999999999999600e-03
2.270000000000000000e+02 1.513830000000000009e+00 5.799999999999999600e-03
2.280000000000000000e+02 1.518839999999999968e+00 5.799999999999999600e-03
2.290000000000000000e+02 1.523849999999999927e+00 5.799999999999999600e-03
2.300000000000000000e+02 1.528849999999999820e+00 5.799999999999999600e-03
2.310000000000000000e+02 1.533860000000000001e+00 5.799999999999999600e-03
2.320000000000000000e+02 1.538869999999999960e+00 5.799999999999999600e-03
2.330000000000000000e+02 1.543880000000000141e+00 5.799999999999999600e-03
2.340000000000000000e+02 1.548890000000000100e+00 5.799999999999999600e-03
2.350000000000000000e+02 1.553900000000000059e+00 5.799999999999999600e-03
2.360000000000000000e+02 1.558910000000000018e+00 5.799999999999999600e-03
2.370000000000000000e+02 1.563910000000000133e+00 5.799999999999999600e-03
2.380000000000000000e+02 1.568920000000000092e+00 5.799999999999999600e-03
2.390000000000000000e+02 1.573930000000000051e+00 5.799999999999999600e-03
2.400000000000000000e+02 1.578940000000000010e+00 5.799999999999999600e-03
2.410000000000000000e+02 1.583949999999999969e+00 5.799999999999999600e-03
2.420000000000000000e+02 1.588959999999999928e+00 5.799999999999999600e-03
2.430000000000000000e+02 1.593970000000000109e+00 5.799999999999999600e-03
2.440000000000000000e+02 1.598980000000000068e+00 5.799999999999999600e-03
2.450000000000000000e+02 1.603979999999999961e+00 5.799999999999999600e-03
2.460000000000000000e+02 1.608989999999999920e+00 5.799999999999999600e-03
2.470000000000000000e+02 1.614000000000000101e+00 5.799999999999999600e-03
2.480000000000000000e+02 1.619010000000000060e+00 5.799999999999999600e-03
2.490000000000000000e+02 1.624020000000000019e+00 5.799999999999999600e-03
2.500000000000000000e+02 1.629029999999999978e+00 5.799999999999999600e-03
2.510000000000000000e+02 1.634039999999999937e+00 5.799999999999999600e-03
2.520000000000000000e+02 1.639040000000000052e+00 5.809999999999999193e-03
2.530000000000000000e+02 1.644050000000000011e+00 5.809999999999999193e-03
2.540000000000000000e+02 1.649059999999999970e+00 5.809999999999999193e-03
2.550000000000000000e+02 1.654069999999999929e+00 5.809999999999999193e-03
2.560000000000000000e+02 1.659079999999999888e+00 5.809999999999999193e-03
2.570000000000000000e+02 1.664089999999999847e+00 5.809999999999999193e-03
2.580000000000000000e+02 1.669099999999999806e+00 5.809999999999999193e-03
2.590000000000000000e+02 1.674109999999999987e+00 5.809999999999999193e-03
2.600000000000000000e+02 1.679109999999999880e+00 5.809999999999999193e-03
2.610000000000000000e+02 1.684119999999999839e+00 5.809999999999999193e-03
2.620000000000000000e+02 1.689130000000000020e+00 5.809999999999999193e-03
2.630000000000000000e+02 1.694140000000000201e+00 5.809999999999999193e-03
2.640000000000000000e+02 1.699150000000000160e+00 5.809999999999999193e-03
2.650000000000000000e+02 1.704160000000000119e+00 5.809999999999999193e-03
2.660000000000000000e+02 1.709170000000000078e+00 5.809999999999999193e-03
2.670000000000000000e+02 1.714169999999999972e+00 5.809999999999999193e-03
2.680000000000000000e+02 1.719180000000000152e+00 5.809999999999999193e-03
2.690000000000000000e+02 1.724190000000000111e+00 5.809999999999999193e-03
2.700000000000000000e+02 1.729200000000000070e+00 5.809999999999999193e-03
2.710000000000000000e+02 1.734210000000000029e+00 5.809999999999999193e-03
2.720000000000000000e+02 1.739219999999999988e+00 5.809999999999999193e-03
2.730000000000000000e+02 1.744229999999999947e+00 5.820000000000000520e-03
2.740000000000000000e+02 1.749239999999999906e+00 5.820000000000000520e-03
2.750000000000000000e+02 1.754240000000000022e+00 5.820000000000000520e-03
2.760000000000000000e+02 1.759249999999999980e+00 5.820000000000000520e-03
2.770000000000000000e+02 1.764259999999999939e+00 5.820000000000000520e-03
2.780000000000000000e+02 1.769269999999999898e+00 5.820000000000000520e-03
2.790000000000000000e+02 1.774280000000000079e+00 5.820000000000000520e-03
2.800000000000000000e+02 1.779290000000000038e+00 5.820000000000000520e-03
2.810000000000000000e+02 1.784299999999999997e+00 5.820000000000000520e-03
2.820000000000000000e+02 1.789299999999999891e+00 5.820000000000000520e-03
2.830000000000000000e+02 1.794309999999999850e+00 5.820000000000000520e-03
2.840000000000000000e+02 1.799320000000000030e+00 5.820000000000000520e-03
2.850000000000000000e+02 1.804329999999999989e+00 5.820000000000000520e-03
2.860000000000000000e+02 1.809339999999999948e+00 5.820000000000000520e-03
2.870000000000000000e+02 1.814349999999999907e+00 5.820000000000000520e-03
2.880000000000000000e+02 1.819359999999999866e+00 5.820000000000000520e-03
2.890000000000000000e+02 1.824369999999999825e+00 5.830000000000000113e-03
2.900000000000000000e+02 1.829369999999999941e+00 5.830000000000000113e-03
2.910000000000000000e+02 1.834380000000000122e+00 5.830000000000000113e-03
2.920000000000000000e+02 1.839390000000000081e+00 5.830000000000000113e-03
2.930000000000000000e+02 1.844400000000000039e+00 5.830000000000000113e-03
2.940000000000000000e+02 1.849409999999999998e+00 5.830000000000000113e-03
2.950000000000000000e+02 1.854420000000000179e+00 5.830000000000000113e-03
2.960000000000000000e+02 1.859430000000000138e+00 5.830000000000000113e-03
2.970000000000000000e+02 1.864440000000000097e+00 5.830000000000000113e-03
2.980000000000000000e+02 1.869439999999999991e+00 5.830000000000000113e-03
2.990000000000000000e+02 1.874449999999999950e+00 5.830000000000000113e-03
3.000000000000000000e+02 1.879460000000000131e+00 5.830000000000000113e-03
3.010000000000000000e+02 1.884470000000000089e+00 5.830000000000000113e-03
3.020000000000000000e+02 1.889480000000000048e+00 5.839999999999999705e-03
3.030000000000000000e+02 1.894490000000000007e+00 5.839999999999999705e-03
3.040000000000000000e+02 1.899499999999999966e+00 5.839999999999999705e-03
3.050000000000000000e+02 1.904500000000000082e+00 5.839999999999999705e-03
3.060000000000000000e+02 1.909510000000000041e+00 5.839999999999999705e-03
3.070000000000000000e+02 1.914520000000000000e+00 5.839999999999999705e-03
3.080000000000000000e+02 1.919529999999999959e+00 5.839999999999999705e-03
3.090000000000000000e+02 1.924539999999999917e+00 5.839999999999999705e-03
3.100000000000000000e+02 1.929549999999999876e+00 5.839999999999999705e-03
3.110000000000000000e+02 1.934559999999999835e+00 5.839999999999999705e-03
3.120000000000000000e+02 1.939570000000000016e+00 5.839999999999999705e-03
3.130000000000000000e+02 1.944569999999999910e+00 5.839999999999999705e-03
3.140000000000000000e+02 1.949579999999999869e+00 5.849999999999999298e-03
3.150000000000000000e+02 1.954589999999999828e+00 5.849999999999999298e-03
3.160000000000000000e+02 1.959600000000000009e+00 5.849999999999999298e-03
3.170000000000000000e+02 1.964609999999999967e+00 5.849999999999999298e-03
3.180000000000000000e+02 1.969619999999999926e+00 5.849999999999999298e-03
3.190000000000000000e+02 1.974630000000000107e+00 5.849999999999999298e-03
3.200000000000000000e+02 1.979630000000000001e+00 5.849999999999999298e-03
3.210000000000000000e+02 1.984640000000000182e+00 5.849999999999999298e-03
3.220000000000000000e+02 1.989650000000000141e+00 5.849999999999999298e-03
3.230000000000000000e+02 1.994660000000000100e+00 5.860000000000000625e-03
3.240000000000000000e+02 1.999670000000000059e+00 5.860000000000000625e-03
3.250000000000000000e+02 2.004680000000000017e+00 5.860000000000000625e-03
3.260000000000000000e+02 2.009689999999999976e+00 5.860000000000000625e-03
3.270000000000000000e+02 2.014699999999999935e+00 5.860000000000000625e-03
3.280000000000000000e+02 2.019699999999999829e+00 5.860000000000000625e-03
3.290000000000000000e+02 2.024710000000000232e+00 5.860000000000000625e-03
3.300000000000000000e+02 2.029720000000000191e+00 5.860000000000000625e-03
3.310000000000000000e+02 2.034730000000000150e+00 5.860000000000000625e-03
3.320000000000000000e+02 2.039740000000000109e+00 5.870000000000000218e-03
3.330000000000000000e+02 2.044750000000000068e+00 5.870000000000000218e-03
3.340000000000000000e+02 2.049760000000000026e+00 5.870000000000000218e-03
3.350000000000000000e+02 2.054760000000000364e+00 5.870000000000000218e-03
3.360000000000000000e+02 2.059769999999999879e+00 5.870000000000000218e-03
3.370000000000000000e+02 2.064780000000000282e+00 5.870000000000000218e-03
3.380000000000000000e+02 2.069789999999999797e+00 5.870000000000000218e-03
3.390000000000000000e+02 2.074800000000000200e+00 5.870000000000000218e-03
3.400000000000000000e+02 2.079810000000000159e+00 5.879999999999999810e-03
3.410000000000000000e+02 2.084820000000000118e+00 5.879999999999999810e-03
3.420000000000000000e+02 2.089830000000000076e+00 5.879999999999999810e-03
3.430000000000000000e+02 2.094829999999999970e+00 5.879999999999999810e-03
3.440000000000000000e+02 2.099839999999999929e+00 5.879999999999999810e-03
3.450000000000000000e+02 2.104849999999999888e+00 5.879999999999999810e-03
3.460000000000000000e+02 2.109860000000000291e+00 5.879999999999999810e-03
3.470000000000000000e+02 2.114869999999999806e+00 5.879999999999999810e-03
3.480000000000000000e+02 2.119880000000000209e+00 5.889999999999999403e-03
3.490000000000000000e+02 2.124889999999999723e+00 5.889999999999999403e-03
3.500000000000000000e+02 2.129890000000000061e+00 5.889999999999999403e-03
3.510000000000000000e+02 2.134900000000000020e+00 5.889999999999999403e-03
3.520000000000000000e+02 2.139909999999999979e+00 5.889999999999999403e-03
3.530000000000000000e+02 2.144919999999999938e+00 5.889999999999999403e-03
3.540000000000000000e+02 2.149929999999999897e+00 5.889999999999999403e-03
3.550000000000000000e+02 2.154939999999999856e+00 5.900000000000000730e-03
3.560000000000000000e+02 2.159949999999999815e+00 5.900000000000000730e-03
3.570000000000000000e+02 2.164960000000000218e+00 5.900000000000000730e-03
3.580000000000000000e+02 2.169960000000000111e+00 5.900000000000000730e-03
3.590000000000000000e+02 2.174969999999999626e+00 5.900000000000000730e-03
3.600000000000000000e+02 2.179980000000000029e+00 5.900000000000000730e-03
3.610000000000000000e+02 2.184989999999999988e+00 5.900000000000000730e-03
3.620000000000000000e+02 2.189999999999999947e+00 5.910000000000000323e-03
3.630000000000000000e+02 2.195010000000000350e+00 5.910000000000000323e-03
3.640000000000000000e+02 2.200019999999999865e+00 5.910000000000000323e-03
3.650000000000000000e+02 2.205020000000000202e+00 5.910000000000000323e-03
3.660000000000000000e+02 2.210030000000000161e+00 5.910000000000000323e-03
3.670000000000000000e+02 2.215040000000000120e+00 5.910000000000000323e-03
3.680000000000000000e+02 2.220050000000000079e+00 5.919999999999999915e-03
3.690000000000000000e+02 2.225060000000000038e+00 5.919999999999999915e-03
3.700000000000000000e+02 2.230069999999999997e+00 5.919999999999999915e-03
3.710000000000000000e+02 2.235079999999999956e+00 5.919999999999999915e-03
3.720000000000000000e+02 2.240090000000000359e+00 5.919999999999999915e-03
3.730000000000000000e+02 2.245090000000000252e+00 5.919999999999999915e-03
3.740000000000000000e+02 2.250099999999999767e+00 5.929999999999999508e-03
3.750000000000000000e+02 2.255110000000000170e+00 5.929999999999999508e-03
3.760000000000000000e+02 2.260119999999999685e+00 5.929999999999999508e-03
3.770000000000000000e+02 2.265130000000000088e+00 5.929999999999999508e-03
3.780000000000000000e+02 2.270140000000000047e+00 5.929999999999999508e-03
3.790000000000000000e+02 2.275150000000000006e+00 5.929999999999999508e-03
3.800000000000000000e+02 2.280149999999999899e+00 5.939999999999999968e-03
3.810000000000000000e+02 2.285159999999999858e+00 5.939999999999999968e-03
3.820000000000000000e+02 2.290170000000000261e+00 5.939999999999999968e-03
3.830000000000000000e+02 2.295179999999999776e+00 5.939999999999999968e-03
3.840000000000000000e+02 2.300190000000000179e+00 5.939999999999999968e-03
3.850000000000000000e+02 2.305199999999999694e+00 5.950000000000000427e-03
3.860000000000000000e+02 2.310210000000000097e+00 5.950000000000000427e-03
3.870000000000000000e+02 2.315219999999999612e+00 5.950000000000000427e-03
3.880000000000000000e+02 2.320219999999999949e+00 5.950000000000000427e-03
3.890000000000000000e+02 2.325229999999999908e+00 5.950000000000000427e-03
3.900000000000000000e+02 2.330239999999999867e+00 5.950000000000000427e-03
3.910000000000000000e+02 2.335249999999999826e+00 5.960000000000000020e-03
3.920000000000000000e+02 2.340260000000000229e+00 5.960000000000000020e-03
3.930000000000000000e+02 2.345270000000000188e+00 5.960000000000000020e-03
3.940000000000000000e+02 2.350280000000000147e+00 5.960000000000000020e-03
3.950000000000000000e+02 2.355280000000000040e+00 5.960000000000000020e-03
3.960000000000000000e+02 2.360289999999999999e+00 5.969999999999999613e-03
3.970000000000000000e+02 2.365300000000000402e+00 5.969999999999999613e-03
3.980000000000000000e+02 2.370309999999999917e+00 5.969999999999999613e-03
3.990000000000000000e+02 2.375320000000000320e+00 5.969999999999999613e-03
4.000000000000000000e+02 2.380329999999999835e+00 5.969999999999999613e-03
4.010000000000000000e+02 2.385340000000000238e+00 5.980000000000000072e-03
4.020000000000000000e+02 2.390349999999999753e+00 5.980000000000000072e-03
4.030000000000000000e+02 2.395350000000000090e+00 5.980000000000000072e-03
4.040000000000000000e+02 2.400360000000000049e+00 5.980000000000000072e-03
4.050000000000000000e+02 2.405370000000000008e+00 5.980000000000000072e-03
4.060000000000000000e+02 2.410379999999999967e+00 5.990000000000000532e-03
4.070000000000000000e+02 2.415389999999999926e+00 5.990000000000000532e-03
4.080000000000000000e+02 2.420399999999999885e+00 5.990000000000000532e-03
4.090000000000000000e+02 2.425409999999999844e+00 5.990000000000000532e-03
4.100000000000000000e+02 2.430409999999999737e+00 5.990000000000000532e-03
4.110000000000000000e+02 2.435420000000000140e+00 6.000000000000000125e-03
4.120000000000000000e+02 2.440429999999999655e+00 6.000000000000000125e-03
4.130000000000000000e+02 2.445440000000000058e+00 6.000000000000000125e-03
4.140000000000000000e+02 2.450450000000000017e+00 6.000000000000000125e-03
4.150000000000000000e+02 2.455459999999999976e+00 6.009999999999999717e-03
4.160000000000000000e+02 2.460469999999999935e+00 6.009999999999999717e-03
4.170000000000000000e+02 2.465479999999999894e+00 6.009999999999999717e-03
4.180000000000000000e+02 2.470480000000000231e+00 6.009999999999999717e-03
4.190000000000000000e+02 2.475489999999999746e+00 6.009999999999999717e-03
4.200000000000000000e+02 2.480500000000000149e+00 6.019999999999999310e-03
4.210000000000000000e+02 2.485510000000000108e+00 6.019999999999999310e-03
4.220000000000000000e+02 2.490520000000000067e+00 6.019999999999999310e-03
4.230000000000000000e+02 2.495530000000000026e+00 6.019999999999999310e-03
4.240000000000000000e+02 2.500539999999999985e+00 6.030000000000000637e-03
