0 0.375593990 0.009796976 
0 0.385262540 0.009744104 
0 0.394935520 0.009693492 
0 0.404612880 0.00964514 
0 0.414294620 0.009599048 
0 0.423980770 0.009555216 
0 0.433671300 0.009513644 
0 0.443366210 0.009474332 
0 0.453065520 0.00943728 
0 0.462769200 0.009402488 
0 0.472477290 0.009369956 
0 0.482189760 0.009339684 
0 0.491906650 0.009311672 
0 0.501627900 0.00928592 
0 0.511353550 0.009262428 
0 0.521083560 0.009241196 
0 0.530817990 0.009222224 
0 0.540556820 0.009205512 
0 0.550300050 0.00919106 
0 0.560047670 0.009178868 
0 0.569799620 0.009168936 
0 0.579556030 0.009161264 
0 0.589316770 0.009155852 
0 0.599081910 0.0091527 
0 0.608851500 0.009151808 
0 0.618625430 0.009153176 
0 0.628403750 0.009156804 
0 0.638186460 0.009162692 
0 0.647973570 0.00917084 
0 0.657765080 0.009181248 
0 0.667560970 0.009193916 
0 0.654792300 0.0099084704 
0 0.664599370 0.0098487076 
0 0.674401250 0.0097987116 
0 0.684197940 0.0097584824 
0 0.693989380 0.00972802 
0 0.703775630 0.0097073244 
0 0.713556640 0.0096963956 
0 0.723332520 0.0096952336 
0 0.733103090 0.0097038384 
0 0.742868530 0.00972221 
0 0.752628720 0.0097503484 
0 0.762383730 0.0097882536 
0 0.772133480 0.0098359256 
0 0.781878050 0.0098933644 
0 0.791617430 0.00996057 
0 0.801351560 0.0100375424 
0 0.811080510 0.0101242816 
0 0.820804260 0.0102207876 
0 0.830522770 0.0103270604 
0 0.840236080 0.0104431 
0 0.849944150 0.0105689064 
0 0.859647090 0.0107044796 
0 0.869344790 0.0108498196 
0 0.879037230 0.0110049264 
0 0.888724490 0.0111698 
0 0.898406560 0.0113444404 
0 0.908083370 0.0115288476 
0 0.917755070 0.0117230216 
0 0.927421450 0.0119269624 
0 0.937082700 0.01078153 
0 0.946738710 0.00976180425 
0 0.956389470 0.009760064 
0 0.966035100 0.00975932425 
0 0.975675480 0.009759585 
0 0.985310610 0.00976084625 
0 0.994940550 0.009763108 
0 01.00456531 0.00976637025 
0 01.01418488 0.009770633 
0 01.02379919 0.00977589625 
0 01.03340833 0.00978216 
0 01.04301221 0.00978942425 
0 01.05261096 0.009797689 
0 01.06220447 0.00980695425 
0 01.07179272 0.00981722 
0 01.08137573 0.00982848625 
0 01.09095361 0.009840753 
0 01.10052625 0.00985402025 
0 01.11009375 0.009868288 
0 01.11965601 0.00988355625 
0 01.12921301 0.009899825 
0 01.13876477 0.00991709425 
0 01.14831140 0.009935364 
0 01.15785278 0.00995463425 
0 01.16738904 0.009974905 
0 01.17691992 0.00999617625 
0 01.18644580 0.010018448 
0 01.19596631 0.01004172025 
0 01.20548169 0.010065993 
0 01.21499182 0.01009126625 
0 01.22449670 0.01011754 
0 01.23399646 0.01014481425 
0 01.24349097 0.010173089 
0 01.25298022 0.01020236425 
0 01.26246436 0.01023264 
0 01.25277295 0.01083826435 
0 01.26274573 0.01083266619 
0 01.27271826 0.01082720553 
0 01.28269055 0.01082188237 
0 01.29266248 0.0108166967 
0 01.30263428 0.01081164853 
0 01.31260583 0.01080673785 
0 01.32257715 0.01080196467 
0 01.33254810 0.01079732899 
0 01.34251892 0.0107928308 
0 01.35248950 0.01078847011 
0 01.36245984 0.01078424691 
0 01.37242993 0.01078016121 
0 01.38239978 0.01077621301 
0 01.39236938 0.0107724023 
0 01.40233875 0.01076872909 
0 01.41230786 0.01076519337 
0 01.42227673 0.01076179515 
0 01.43224536 0.01075853443 
0 01.44221375 0.0107554112 
0 01.45218188 0.01075242547 
0 01.46214990 0.01074957723 
0 01.47211755 0.01074686649 
0 01.48208496 0.01074429325 
0 01.49205212 0.0107418575 
0 01.50201904 0.01073955925 
0 01.51198584 0.01073739849 
0 01.52195227 0.01073537523 
0 01.53191846 0.01073348947 
0 01.54188452 0.0107317412 
0 01.55185022 0.01073013043 
0 01.56181567 0.01072865715 
0 01.57178101 0.01072732137 
0 01.58174597 0.01072612309 
0 01.59171082 0.0107250623 
0 01.60167529 0.01072413901 
0 01.61163965 0.01072335321 
0 01.62160364 0.01072270491 
0 01.63156750 0.01072219411 
0 01.64153101 0.0107218208 
0 01.65149438 0.01072158499 
0 01.66145752 0.01072148667 
0 01.67142029 0.01072152585 
0 01.68138293 0.01072170253 
0 01.69134534 0.0107220167 
0 01.70130737 0.01072246837 
0 01.71126929 0.01072305753 
0 01.72123096 0.01072378419 
0 01.73119238 0.01072464835 
0 01.74115344 0.01072565 
0 01.75111438 0.01072678915 
0 01.76107507 0.01072806579 
0 01.77103552 0.01072947993 
0 01.78099573 0.01073103157 
0 01.79095569 0.0107327207 
0 01.80091541 0.01073454733 
0 01.81087488 0.01073651145 
0 01.82083411 0.01073861307 
0 01.83079309 0.01074085219 
0 01.84075183 0.0107432288 
0 01.85071033 0.01074574291 
0 01.86066858 0.01074839451 
0 01.87062659 0.01075118361 
0 01.87178430 0.01075411021 
0 01.86596375 0.01116661287 
0 01.87602527 0.01115790888 
0 01.88608459 0.01114888803 
0 01.89614148 0.01113955032 
0 01.90619604 0.01112989575 
0 01.91624841 0.01111992432 
0 01.92629846 0.01110963603 
0 01.93634607 0.01109903088 
0 01.94639148 0.01108810887 
0 01.95643457 0.01107687 
0 01.96647534 0.01106531427 
0 01.97651379 0.01105344168 
0 01.98655005 0.01104125223 
0 01.99658386 0.01102874592 
0 02.00661536 0.01101592275 
0 02.01664465 0.01100278272 
0 02.02667163 0.01098932583 
0 02.03669617 0.01097555208 
0 02.04671863 0.01096146147 
0 02.05673877 0.010947054 
0 02.06675635 0.01093232967 
0 02.07677173 0.01091728848 
0 02.08678491 0.01090193043 
0 02.09679565 0.01088625552 
0 02.10680420 0.01087026375 
0 02.11681030 0.01085395512 
0 02.12681421 0.01083732963 
0 02.13681567 0.01082038728 
0 02.14681494 0.01080312807 
0 02.15681201 0.010785552 
0 02.16680664 0.01076765907 
0 02.17679907 0.01074944928 
0 02.18678906 0.01073092263 
0 02.19677661 0.01071207912 
0 02.20676221 0.01069291875 
0 02.21674536 0.01067344152 
0 02.22672607 0.01065364743 
0 02.23670459 0.01063353648 
0 02.24668066 0.01061310867 
0 02.25665454 0.010592364 
0 02.26662622 0.01057130247 
0 02.27659546 0.01054992408 
0 02.28656250 0.01052822883 
0 02.29652710 0.01050621672 
0 02.30648950 0.01048388775 
0 02.31644946 0.01046124192 
0 02.32640723 0.01043827923 
0 02.33636255 0.01041499968 
0 02.34631567 0.01039140327 
0 02.35626660 0.01036749 
0 02.36621509 0.01034325987 
0 02.37616113 0.01031871288 
0 02.38610522 0.01029384903 
0 02.39604663 0.01026866832 
0 02.40598608 0.01024317075 
0 02.41592310 0.01021735632 
0 02.42585767 0.01019122503 
0 02.43579004 0.01016477688 
0 02.44571997 0.01013801187 
0 02.45564771 0.01011093 
0 02.46557324 0.01008353127 
0 02.47549634 0.01005581568 
0 02.48541724 0.01002778323 
0 02.49533569 0.00999943392 
