0   0.375594 0.009797
1   0.385263 0.009744
2   0.394936 0.009693
3   0.404613 0.009645
4   0.414295 0.009599
5   0.423981 0.009555
6   0.433671 0.009514
7   0.443366 0.009474
8   0.453066 0.009437
9   0.462769 0.009402
10  0.472477 0.009370
11  0.482190 0.009340
12  0.491907 0.009312
13  0.501628 0.009286
14  0.511354 0.009262
15  0.521084 0.009241
16  0.530818 0.009222
17  0.540557 0.009206
18  0.550300 0.009191
19  0.560048 0.009179
20  0.569800 0.009169
21  0.579556 0.009161
22  0.589317 0.009156
23  0.599082 0.009153
24  0.608852 0.009152
25  0.618625 0.009153
26  0.628404 0.009157
27  0.638186 0.009163
28  0.647974 0.009171
29  0.657765 0.009181
30  0.667561 0.009194
31  0.654792 0.009908
32  0.664599 0.009849
33  0.674401 0.009799
34  0.684198 0.009758
35  0.693989 0.009728
36  0.703776 0.009707
37  0.713557 0.009696
38  0.723333 0.009695
39  0.733103 0.009704
40  0.742869 0.009722
41  0.752629 0.009750
42  0.762384 0.009788
43  0.772133 0.009836
44  0.781878 0.009893
45  0.791617 0.009961
46  0.801352 0.010038
47  0.811081 0.010124
48  0.820804 0.010221
49  0.830523 0.010327
50  0.840236 0.010443
51  0.849944 0.010569
52  0.859647 0.010704
53  0.869345 0.010850
54  0.879037 0.011005
55  0.888724 0.011170
56  0.898407 0.011344
57  0.908083 0.011529
58  0.917755 0.011723
59  0.927421 0.011927
60  0.937083 0.010782
61  0.946739 0.009762
62  0.956389 0.009760
63  0.966035 0.009759
64  0.975675 0.009760
65  0.985311 0.009761
66  0.994941 0.009763
67  1.004565 0.009766
68  1.014185 0.009771
69  1.023799 0.009776
70  1.033408 0.009782
71  1.043012 0.009789
72  1.052611 0.009798
73  1.062204 0.009807
74  1.071793 0.009817
75  1.081376 0.009828
76  1.090954 0.009841
77  1.100526 0.009854
78  1.110094 0.009868
79  1.119656 0.009884
80  1.129213 0.009900
81  1.138765 0.009917
82  1.148311 0.009935
83  1.157853 0.009955
84  1.167389 0.009975
85  1.176920 0.009996
86  1.186446 0.010018
87  1.195966 0.010042
88  1.205482 0.010066
89  1.214992 0.010091
90  1.224497 0.010118
91  1.233996 0.010145
92  1.243491 0.010173
93  1.252980 0.010202
94  1.262464 0.010233
95  1.252773 0.010838
96  1.262746 0.010833
97  1.272718 0.010827
98  1.282691 0.010822
99  1.292662 0.010817
100 1.302634 0.010812
101 1.312606 0.010807
102 1.322577 0.010802
103 1.332548 0.010797
104 1.342519 0.010793
105 1.352490 0.010788
106 1.362460 0.010784
107 1.372430 0.010780
108 1.382400 0.010776
109 1.392369 0.010772
110 1.402339 0.010769
111 1.412308 0.010765
112 1.422277 0.010762
113 1.432245 0.010759
114 1.442214 0.010755
115 1.452182 0.010752
116 1.462150 0.010750
117 1.472118 0.010747
118 1.482085 0.010744
119 1.492052 0.010742
120 1.502019 0.010740
121 1.511986 0.010737
122 1.521952 0.010735
123 1.531918 0.010733
124 1.541885 0.010732
125 1.551850 0.010730
126 1.561816 0.010729
127 1.571781 0.010727
128 1.581746 0.010726
129 1.591711 0.010725
130 1.601675 0.010724
131 1.611640 0.010723
132 1.621604 0.010723
133 1.631568 0.010722
134 1.641531 0.010722
135 1.651494 0.010722
136 1.661458 0.010721
137 1.671420 0.010722
138 1.681383 0.010722
139 1.691345 0.010722
140 1.701307 0.010722
141 1.711269 0.010723
142 1.721231 0.010724
143 1.731192 0.010725
144 1.741153 0.010726
145 1.751114 0.010727
146 1.761075 0.010728
147 1.771036 0.010729
148 1.780996 0.010731
149 1.790956 0.010733
150 1.800915 0.010735
151 1.810875 0.010737
152 1.820834 0.010739
153 1.830793 0.010741
154 1.840752 0.010743
155 1.850710 0.010746
156 1.860669 0.010748
157 1.870627 0.010751
158 1.871784 0.010754
159 1.865964 0.011167
160 1.876025 0.011158
161 1.886085 0.011149
162 1.896141 0.011140
163 1.906196 0.011130
164 1.916248 0.011120
165 1.926298 0.011110
166 1.936346 0.011099
167 1.946391 0.011088
168 1.956435 0.011077
169 1.966475 0.011065
170 1.976514 0.011053
171 1.986550 0.011041
172 1.996584 0.011029
173 2.006615 0.011016
174 2.016645 0.011003
175 2.026672 0.010989
176 2.036696 0.010976
177 2.046719 0.010961
178 2.056739 0.010947
179 2.066756 0.010932
180 2.076772 0.010917
181 2.086785 0.010902
182 2.096796 0.010886
183 2.106804 0.010870
184 2.116810 0.010854
185 2.126814 0.010837
186 2.136816 0.010820
187 2.146815 0.010803
188 2.156812 0.010786
189 2.166807 0.010768
190 2.176799 0.010749
191 2.186789 0.010731
192 2.196777 0.010712
193 2.206762 0.010693
194 2.216745 0.010673
195 2.226726 0.010654
196 2.236705 0.010634
197 2.246681 0.010613
198 2.256655 0.010592
199 2.266626 0.010571
200 2.276595 0.010550
201 2.286563 0.010528
202 2.296527 0.010506
203 2.306490 0.010484
204 2.316449 0.010461
205 2.326407 0.010438
206 2.336363 0.010415
207 2.346316 0.010391
208 2.356267 0.010367
209 2.366215 0.010343
210 2.376161 0.010319
211 2.386105 0.010294
212 2.396047 0.010269
213 2.405986 0.010243
214 2.415923 0.010217
215 2.425858 0.010191
216 2.435790 0.010165
217 2.445720 0.010138
218 2.455648 0.010111
219 2.465573 0.010084
220 2.475496 0.010056
221 2.485417 0.010028
222 2.495336 0.009999
223 7.519890 0.027947
224 7.537630 0.028006
225 7.555470 0.028085
226 7.573220 0.028141
227 7.591070 0.028216
228 7.608820 0.028279
229 7.626670 0.028340
230 7.644420 0.028396
231 7.662280 0.028454
232 7.680040 0.028517
233 7.697900 0.028579
234 7.715660 0.028638
235 7.733530 0.028702
236 7.751300 0.028762
237 7.769170 0.028805
238 7.786950 0.028884
239 7.804830 0.028932
240 7.822610 0.029012
241 7.840390 0.029051
242 7.858280 0.029133
243 7.876070 0.029174
244 7.893960 0.029266
245 7.911750 0.029326
246 7.929650 0.029386
247 7.947440 0.029451
248 7.965350 0.029517
249 7.983150 0.029560
250 8.001050 0.029534
251 8.018860 0.029485
252 8.036760 0.029468
253 8.054570 0.029456
254 8.072480 0.029427
255 8.090290 0.029428
256 8.108200 0.029396
257 8.126020 0.029390
258 8.143830 0.029351
259 8.161740 0.029347
260 8.179550 0.029301
261 8.197460 0.029291
262 8.215270 0.029264
263 8.233190 0.029232
264 8.250990 0.029196
265 8.268900 0.029160
266 8.286700 0.029124
267 8.304610 0.029081
268 8.322410 0.029038
269 8.340300 0.028996
270 8.358100 0.028948
271 8.375990 0.028874
272 8.393770 0.028848
273 8.411650 0.028776
274 8.429430 0.028740
275 8.447200 0.028669
276 8.465060 0.028631
277 8.482820 0.028572
278 8.500670 0.028695
279 8.518420 0.028847
280 8.536250 0.028911
281 8.553980 0.028950
282 8.571800 0.028988
283 8.589510 0.029024
284 8.607310 0.029054
285 8.625000 0.029088
286 8.642780 0.029113
287 8.660440 0.029137
288 8.678200 0.029137
289 8.695840 0.029177
290 8.713570 0.029172
291 8.731180 0.029202
292 8.748780 0.029183
293 8.766470 0.029231
294 8.784040 0.029232
295 8.801690 0.029273
296 8.819200 0.029298
297 8.836900 0.029323
298 8.854500 0.029348
299 8.872200 0.029372
300 8.889800 0.029407
301 8.907500 0.029419
302 8.925100 0.029429
303 8.942800 0.029434
304 8.960400 0.029439
305 8.978100 0.029399
306 8.995700 0.029299
307 9.013400 0.029191
308 9.031000 0.029263
309 9.048600 0.029315
310 9.066300 0.029406
311 9.083900 0.029454
312 9.101600 0.029548
313 9.119200 0.029617
314 9.136900 0.029685
315 9.154500 0.029752
316 9.172200 0.029817
317 9.189800 0.029882
318 9.207500 0.029945
319 9.225100 0.030008
320 9.242800 0.030069
321 9.260400 0.030129
322 9.278100 0.030166
323 9.295700 0.030242
324 9.313400 0.030277
325 9.331000 0.030352
326 9.348600 0.030383
327 9.366300 0.030454
328 9.383900 0.030482
329 9.401600 0.030548
330 9.419200 0.030593
331 9.436900 0.030637
332 9.454500 0.030679
333 9.472200 0.030718
334 9.489800 0.030763
335 9.507500 0.030852
336 9.525100 0.030931
337 9.542800 0.030953
338 9.560400 0.030952
339 9.578100 0.030927
340 9.595700 0.030950
341 9.613400 0.030926
342 9.631000 0.030946
343 9.648600 0.030926
344 9.666300 0.030945
345 9.683900 0.030924
346 9.701600 0.030944
347 9.719200 0.030942
348 9.736900 0.030939
349 9.754500 0.030938
350 9.772200 0.030938
351 9.789800 0.030937
352 9.807500 0.030937
353 9.825100 0.030935
354 9.842800 0.030934
355 9.860400 0.030932
356 9.878100 0.030909
357 9.895700 0.030931
358 9.913400 0.030908
359 9.931000 0.030929
360 9.948600 0.030906
361 9.966300 0.030950
362 9.983900 0.031036
363 10.001600 0.030939
364 10.019200 0.031072
365 10.037000 0.030963
366 10.055000 0.031050
367 10.072000 0.031118
368 10.090000 0.030997
369 10.107000 0.031034
370 10.125000 0.031048
371 10.143000 0.031037
372 10.160000 0.031079
373 10.178000 0.031283
374 10.196000 0.031032
375 10.213000 0.031071
376 10.231000 0.031259
377 10.249000 0.031044
378 10.266000 0.031065
379 10.284000 0.031303
380 10.302000 0.031040
381 10.319000 0.031052
382 10.337000 0.031030
383 10.355000 0.031021
384 10.372000 0.031017
385 10.390000 0.031007
386 10.407000 0.031026
387 10.425000 0.031004
388 10.443000 0.030969
389 10.460000 0.030981
390 10.478000 0.031145
391 10.496000 0.030845
392 10.513000 0.030757
393 10.531000 0.031022
394 10.549000 0.030835
395 10.566000 0.030888
396 10.584000 0.031122
397 10.602000 0.030957
398 10.619000 0.030996
399 10.637000 0.031033
400 10.655000 0.031059
401 10.672000 0.031127
402 10.690000 0.031132
403 10.707000 0.031200
404 10.725000 0.031211
405 10.743000 0.031248
406 10.760000 0.031280
407 10.778000 0.031554
408 10.796000 0.031350
409 10.813000 0.031402
410 10.831000 0.031624
411 10.849000 0.031440
412 10.866000 0.031478
413 10.884000 0.031735
414 10.902000 0.031502
415 10.919000 0.031584
416 10.937000 0.031551
417 10.955000 0.031575
418 10.972000 0.031628
419 10.990000 0.031655
420 11.007000 0.031858
421 11.025000 0.032105
422 11.043000 0.032237
423 11.060000 0.032400
424 11.078000 0.032737
425 11.096000 0.032656
426 11.113000 0.032805
427 11.131000 0.030687
428 11.149000 0.030572
429 11.166000 0.030763
430 11.184000 0.031115
431 11.192000 0.031068
432 11.209000 0.031203
433 11.227000 0.031306
434 11.245100 0.031458
435 11.262100 0.033998
436 11.280100 0.034127
437 11.297100 0.034237
438 11.315100 0.034352
439 11.333100 0.034465
440 11.350100 0.034564
441 11.368000 0.034940
442 11.386000 0.034779
443 11.402900 0.034814
444 11.420800 0.035194
445 11.438700 0.035032
446 11.455500 0.035073
447 11.473300 0.035387
448 11.491200 0.035184
449 11.507900 0.035029
450 11.525700 0.034770
451 11.543400 0.034586
452 11.560200 0.034346
453 11.577900 0.034146
454 11.594500 0.033909
455 11.612200 0.033689
456 11.629800 0.033452
457 11.646400 0.033241
458 11.664000 0.033319
459 11.681500 0.032882
460 11.698100 0.032676
461 11.715600 0.032692
462 11.733100 0.032309
463 11.749700 0.032081
464 11.767200 0.032160
465 11.784600 0.031794
466 11.801100 0.031624
467 11.818600 0.031446
468 11.836100 0.031290
469 11.852600 0.031166
470 11.870100 0.031038
471 11.886600 0.030930
472 11.904100 0.030801
473 11.921600 0.030671
474 11.938200 0.030563
475 11.955800 0.030684
476 11.973400 0.030628
477 11.990000 0.030536
478 12.007700 0.030663
