375.594000 2.483333
385.262500 2.756667
394.935500 3.456667
404.612900 4.903333
414.294600 5.090000
423.980800 4.753333
433.671300 4.450000
443.366200 4.856667
453.065500 5.016667
462.769200 4.893333
472.477300 4.673333
482.189800 4.506667
491.906600 4.230000
501.627900 4.046667
511.353500 3.893333
521.083600 3.660000
530.818000 3.633333
540.556800 3.603333
550.300000 3.520000
560.047700 3.393333
569.799600 3.256667
579.556000 3.140000
589.316800 2.860000
599.081900 2.550000
608.851500 2.326667
618.625400 2.190000
628.403700 2.043333
638.186500 1.970000
647.973600 1.843333
657.765100 1.673333
667.561000 1.616667
654.792300 1.700000
664.599400 1.606667
674.401200 1.480000
684.197900 1.290000
693.989400 1.160000
703.775600 1.043333
713.556600 0.836667
723.332500 0.643333
733.103100 0.580000
742.868500 0.546667
752.628700 0.533333
762.383700 0.350000
772.133500 0.450000
781.878100 0.463333
791.617400 0.430000
801.351600 0.420000
811.080500 0.383333
820.804300 0.333333
830.522800 0.303333
840.236100 0.286667
849.944200 0.286667
859.647100 0.263333
869.344800 0.246667
879.037200 0.233333
888.724500 0.216667
898.406600 0.180000
908.083400 0.156667
917.755100 0.150000
927.421400 0.126667
937.082700 0.106667
946.738700 0.073333
956.389500 0.080000
966.035100 0.103333
975.675500 0.100000
985.310600 0.100000
994.940600 0.103333
1004.565000 0.100000
1014.185000 0.103333
1023.799000 0.096667
1033.408000 0.086667
1043.012000 0.090000
1052.611000 0.083333
1062.204000 0.080000
1071.793000 0.073333
1081.376000 0.066667
1090.954000 0.063333
1100.526000 0.056667
1110.094000 0.036667
1119.656000 0.023333
1129.213000 0.020000
1138.765000 0.023333
1148.311000 0.020000
1157.853000 0.023333
1167.389000 0.033333
1176.920000 0.040000
1186.446000 0.033333
1195.966000 0.036667
1205.482000 0.030000
1214.992000 0.033333
1224.497000 0.033333
1233.996000 0.036667
1243.491000 0.036667
1252.980000 0.033333
1262.464000 0.030000
1252.773000 0.033333
1262.746000 0.036667
1272.718000 0.046667
1282.691000 0.053333
1292.662000 0.020000
1302.634000 0.046667
1312.606000 0.030000
1322.577000 0.000000
1332.548000 0.026667
1342.519000 0.006667
1352.490000 0.006667
1362.460000 0.006667
1372.430000 0.000100
1382.400000 0.000000
1392.369000 0.005000
1402.339000 0.001667
1412.308000 0.000000
1422.277000 0.005000
1432.245000 0.005000
1442.214000 0.005000
1452.182000 0.006667
1462.150000 0.010000
1472.118000 0.001667
1482.085000 0.011667
1492.052000 0.015000
1502.019000 0.015000
1511.986000 0.020000
1521.952000 0.018333
1531.918000 0.021667
1541.885000 0.021667
1551.850000 0.023333
1561.816000 0.020000
1571.781000 0.020000
1581.746000 0.016667
1591.711000 0.021667
1601.675000 0.018333
1611.640000 0.020000
1621.604000 0.020000
1631.568000 0.015000
1641.531000 0.020000
1651.494000 0.016667
1661.458000 0.015000
1671.420000 0.010000
1681.383000 0.011667
1691.345000 0.013333
1701.307000 0.013333
1711.269000 0.010000
1721.231000 0.011667
1731.192000 0.008333
1741.153000 0.010000
1751.114000 0.008333
1761.075000 0.003333
1771.036000 0.006667
1780.996000 0.006667
1790.956000 0.003333
1800.915000 0.000001
1810.875000 0.003333
1820.834000 0.000001
1830.793000 0.001667
1840.752000 0.000001
1850.710000 0.000001
1860.669000 0.000001
1870.627000 0.000001
1871.784000 0.001667
1865.964000 0.001667
1876.025000 0.001667
1886.085000 0.000833
1896.141000 0.001667
1906.196000 0.001667
1916.248000 0.002500
1926.298000 0.000833
1936.346000 0.004167
1946.391000 0.001667
1956.435000 0.002500
1966.475000 0.002500
1976.514000 0.004167
1986.550000 0.005833
1996.584000 0.003333
2006.615000 0.002500
2016.645000 0.003333
2026.672000 0.006667
2036.696000 0.004167
2046.719000 0.005000
2056.739000 0.004167
2066.756000 0.004167
2076.772000 0.005000
2086.785000 0.005833
2096.796000 0.005833
2106.804000 0.005833
2116.810000 0.005000
2126.814000 0.006667
2136.816000 0.005833
2146.815000 0.004167
2156.812000 0.005000
2166.807000 0.005000
2176.799000 0.005000
2186.789000 0.005000
2196.777000 0.005833
2206.762000 0.004167
2216.745000 0.004167
2226.726000 0.005000
2236.705000 0.004167
2246.681000 0.004167
2256.655000 0.004167
2266.626000 0.004167
2276.595000 0.003333
2286.562000 0.003333
2296.527000 0.005833
2306.490000 0.003333
2316.449000 0.003333
2326.407000 0.004167
2336.363000 0.002500
2346.316000 0.001667
2356.267000 0.004167
2366.215000 0.000010
2376.161000 0.002500
2386.105000 0.002500
2396.047000 0.001667
2405.986000 0.002500
2415.923000 0.001667
2425.858000 0.003333
2435.790000 0.000001
2445.720000 0.000833
2455.648000 0.001667
2465.573000 0.001667
2475.496000 0.000833
2485.417000 0.000833
2495.336000 0.000010
7519.889832 0.454603
7537.630081 0.450323
7555.469990 0.460120
7573.219776 0.389925
7591.070175 0.363715
7608.819962 0.384869
7626.669884 0.400322
7644.420147 0.369675
7662.280083 0.271201
7680.039883 0.276998
7697.899818 0.336865
7715.660095 0.371227
7733.530045 0.402268
7751.299858 0.426161
7769.169807 0.430055
7786.950111 0.455910
7804.830074 0.447380
7822.609901 0.457732
7840.390205 0.433154
7858.280182 0.391957
7876.070023 0.370091
7893.959999 0.412484
7911.749840 0.457169
7929.649830 0.434003
7947.440147 0.503858
7965.350151 0.565977
7983.150005 0.585567
8001.049995 0.622023
8018.859863 0.603700
8036.760330 0.575854
8054.570198 0.634594
8072.480202 0.661154
8090.290070 0.675715
8108.200073 0.719354
8126.020432 0.718898
8143.830299 0.703055
8161.740303 0.672521
8179.550171 0.684273
8197.460175 0.696755
8215.270042 0.707277
8233.189583 0.717277
8250.989914 0.676997
8268.899918 0.726843
8286.700249 0.755583
8304.610252 0.768824
8322.409630 0.768473
8340.299606 0.749169
8358.099937 0.750686
8375.989914 0.761030
8393.770218 0.772306
8411.649704 0.750561
8429.430008 0.728134
8447.199821 0.760910
8465.060234 0.766618
8482.819557 0.766228
8500.670433 0.747872
8518.420219 0.719038
8536.250114 0.752246
8553.979874 0.787991
8571.800232 0.768043
8589.509964 0.763169
8607.310295 0.782806
8625.000000 0.787102
8642.780304 0.794200
8660.440445 0.783753
8678.199768 0.766092
8695.839882 0.769094
8713.569641 0.786067
8731.180191 0.792688
8748.780251 0.805290
8766.469955 0.798670
8784.040451 0.787211
8801.690102 0.760090
8819.199562 0.786301
8836.899757 0.804417
8854.499817 0.813637
8872.200012 0.812208
8889.800072 0.811126
8907.500267 0.796296
8925.100327 0.787883
8942.799568 0.802005
8960.399628 0.814938
8978.099823 0.815758
8995.699883 0.804182
9013.400078 0.809158
9031.000137 0.800046
9048.600197 0.819695
9066.300392 0.815508
9083.900452 0.812299
9101.599693 0.822370
9119.199753 0.821575
9136.899948 0.827738
9154.500008 0.819034
9172.200203 0.819735
9189.800262 0.820290
9207.500458 0.822869
9225.099564 0.817097
9242.799759 0.821304
9260.399818 0.816661
9278.100014 0.822190
9295.700073 0.809427
9313.400269 0.806314
9331.000328 0.814470
9348.600388 0.810753
9366.299629 0.781387
9383.899689 0.741301
9401.599884 0.696994
9419.199944 0.628751
9436.900139 0.568095
9454.500198 0.536458
9472.200394 0.506543
9489.800453 0.491865
9507.499695 0.491306
9525.099754 0.522024
9542.799950 0.574349
9560.400009 0.659511
9578.100204 0.726020
9595.700264 0.652710
9613.400459 0.555697
9630.999565 0.573592
9648.599625 0.593930
9666.299820 0.606422
9683.899879 0.582194
9701.600075 0.602050
9719.200134 0.594447
9736.900330 0.595480
9754.500389 0.601648
9772.199631 0.613442
9789.799690 0.625422
9807.499886 0.645450
9825.099945 0.662254
9842.800140 0.683073
9860.400200 0.697850
9878.100395 0.718277
9895.700455 0.734231
9913.399696 0.761627
9930.999756 0.778081
9948.599815 0.791426
9966.300011 0.801953
9983.900070 0.814423
10001.600266 0.818108
10019.200325 0.826658
10036.999702 0.834326
10055.000305 0.840851
10071.999550 0.841200
10090.000153 0.846090
10107.000351 0.845419
10125.000000 0.845918
10142.999649 0.844753
10159.999847 0.848476
10178.000450 0.847717
10196.000099 0.843605
10213.000298 0.841142
10230.999947 0.840178
10248.999596 0.835420
10265.999794 0.833404
10284.000397 0.838204
10302.000046 0.835422
10319.000244 0.838537
10336.999893 0.840478
10354.999542 0.846066
10371.999741 0.845751
10390.000343 0.846924
10406.999588 0.847146
10425.000191 0.845297
10442.999840 0.845109
10460.000038 0.841251
10477.999687 0.836149
10496.000290 0.836523
10512.999535 0.835423
10531.000137 0.834324
10548.999786 0.826299
10565.999985 0.833018
10583.999634 0.834518
10602.000237 0.832030
10619.000435 0.836767
10637.000084 0.837386
10654.999733 0.832716
10671.999931 0.830162
10689.999580 0.835209
10706.999779 0.837723
10725.000381 0.832414
10743.000031 0.827786
10760.000229 0.828331
10777.999878 0.825914
10795.999527 0.821024
10812.999725 0.821936
10831.000328 0.819261
10848.999977 0.808759
10866.000175 0.818164
10883.999825 0.823900
10902.000427 0.821799
10918.999672 0.819941
10937.000275 0.818202
10954.999924 0.816758
10972.000122 0.819334
10989.999771 0.811019
11006.999969 0.803551
11024.999619 0.804998
11043.000221 0.812112
11060.000420 0.812787
11078.000069 0.812338
11095.999718 0.812793
11112.999916 0.816230
11130.999565 0.810620
11149.000168 0.809815
11166.000366 0.812225
11184.000015 0.805961
11192.000389 0.806961
11208.999634 0.806836
11227.000237 0.802866
11245.100021 0.794660
11262.100220 0.788594
11280.099869 0.788684
11297.100067 0.795146
11315.099716 0.784388
11333.100319 0.793274
11350.099564 0.788561
11368.000031 0.783614
11385.999680 0.778876
11402.899742 0.777892
11420.800209 0.771198
11438.699722 0.776843
11455.499649 0.774018
11473.299980 0.756234
11491.200447 0.759898
11507.900238 0.757843
11525.699615 0.756136
11543.399811 0.750086
11560.199738 0.728918
11577.899933 0.741363
11594.499588 0.733926
11612.199783 0.730339
11629.799843 0.729926
11646.400452 0.706986
11663.999557 0.686299
11681.500435 0.701475
11698.100090 0.692072
11715.600014 0.670978
11733.099937 0.661450
11749.699593 0.664720
11767.200470 0.671088
11784.600258 0.649328
11801.099777 0.646560
11818.599701 0.660282
11836.099625 0.661011
11852.600098 0.640451
11870.100021 0.665715
11886.599541 0.646368
11904.100418 0.634208
11921.600342 0.631229
11938.199997 0.645520
11955.800056 0.641158
11973.400116 0.659114
11989.999771 0.601232
12007.699966 0.651248
