0 7.519889831542969 0.027947461717706498
1 7.537630081176758 0.02800626732531325
2 7.555469989776611 0.028084807667710224
3 7.5732197761535645 0.028141498001076057
4 7.5910701751708975 0.028215653491752507
5 7.6088199615478525 0.02827888129139263
6 7.626669883728027 0.028339746567105095
7 7.644420146942139 0.02839613842946291
8 7.662280082702638 0.02845442731411764
9 7.680039882659912 0.028516703017700307
10 7.69789981842041 0.028578551876835945
11 7.715660095214844 0.02863833646130377
12 7.733530044555664 0.028701623630863773
13 7.751299858093263 0.02876201191273622
14 7.769169807434082 0.028805093275522314
15 7.78695011138916 0.02888432939356996
16 7.804830074310303 0.02893156066309915
17 7.822609901428223 0.029012252477608344
18 7.840390205383301 0.02905125366433723
19 7.8582801818847665 0.029132571329595038
20 7.876070022583008 0.029173875078402012
21 7.893959999084473 0.029266268934477424
22 7.911749839782715 0.0293264994233913
23 7.929649829864503 0.02938577043356767
24 7.947440147399902 0.02945108574546511
25 7.965350151062013 0.029516538849342563
26 7.983150005340576 0.02955965942850553
27 8.001049995422362 0.02953373304863365
28 8.01885986328125 0.029484958419694438
29 8.036760330200195 0.029468403767250507
30 8.054570198059082 0.029456281951336077
31 8.072480201721191 0.029427141806650094
32 8.090290069580076 0.02942802126723989
33 8.108200073242188 0.029395521732609974
34 8.126020431518555 0.02939009566476052
35 8.143830299377441 0.02935122590825274
36 8.161740303039549 0.029346776756453006
37 8.179550170898438 0.02930134712443307
38 8.197460174560549 0.029291197289458514
39 8.215270042419434 0.02926377465768977
40 8.233189582824707 0.029231724533285236
41 8.25098991394043 0.029196013685042637
42 8.268899917602539 0.029160050892070882
43 8.286700248718263 0.02912416785283192
44 8.304610252380371 0.02908125536136295
45 8.322409629821777 0.02903778644046589
46 8.340299606323242 0.028996247378397438
47 8.358099937438965 0.02894801139384412
48 8.37598991394043 0.028874398102268006
49 8.393770217895508 0.028847697043838393
50 8.411649703979492 0.02877647894610525
51 8.42943000793457 0.028739955968722777
52 8.447199821472168 0.02866896841802188
53 8.465060234069824 0.028631346602673174
54 8.482819557189941 0.028572173095557794
55 8.500670433044434 0.028694892248065706
56 8.518420219421388 0.028846613118945017
57 8.536250114440918 0.028911126546582032
58 8.553979873657228 0.028950465121292426
59 8.571800231933594 0.028987821965282705
60 8.589509963989258 0.029023920756498976
61 8.60731029510498 0.02905446106485168
62 8.625 0.029087549794361182
63 8.642780303955076 0.02911320077520907
64 8.660440444946289 0.02913740252612338
65 8.678199768066406 0.029137154213704143
66 8.695839881896973 0.029176812420844418
67 8.713569641113281 0.02917185398951276
68 8.731180191040039 0.029202435707644057
69 8.748780250549316 0.029183410282341664
70 8.766469955444336 0.029230652830169825
71 8.784040451049805 0.029231978320751414
72 8.801690101623535 0.02927314112891156
73 8.819199562072754 0.029297558136993206
74 8.836899757385254 0.02932255103823567
75 8.854499816894531 0.0293475405843204
76 8.872200012207031 0.029372422013934838
77 8.889800071716309 0.02940709772956575
78 8.907500267028809 0.02941931044129537
79 8.925100326538086 0.02942866984805778
80 8.94279956817627 0.02943445035309618
81 8.960399627685547 0.029438823067674886
82 8.978099822998047 0.02939885423588104
83 8.995699882507324 0.029298889284817664
84 9.013400077819824 0.02919147109441907
85 9.031000137329102 0.029263111215072732
86 9.04860019683838 0.02931491709539228
87 9.06630039215088 0.02940621692701959
88 9.083900451660156 0.02945381538412765
89 9.10159969329834 0.029547878717860094
90 9.119199752807617 0.0296167726492544
91 9.136899948120117 0.029685335367319862
92 9.154500007629396 0.029752088017054087
93 9.172200202941896 0.029817231426501688
94 9.189800262451172 0.029881600634315775
95 9.207500457763672 0.029945061428897506
96 9.225099563598633 0.030008108575846768
97 9.242799758911133 0.030069191311284712
98 9.26039981842041 0.030128500405111336
99 9.27810001373291 0.030165546967164895
100 9.295700073242188 0.030242272507830008
101 9.313400268554688 0.03027699734590905
102 9.331000328063963 0.03035186221854887
103 9.348600387573242 0.030382704269155982
104 9.366299629211426 0.030453793289401926
105 9.383899688720703 0.030482373213070624
106 9.401599884033203 0.03054792376981884
107 9.41919994354248 0.030593269516961227
108 9.43690013885498 0.03063686120861388
109 9.454500198364258 0.030679003302051845
110 9.472200393676758 0.03071815131223345
111 9.489800453186037 0.030762553125628214
112 9.50749969482422 0.030852210074612193
113 9.525099754333496 0.030930994079166062
114 9.542799949645996 0.03095253487489745
115 9.560400009155273 0.030951612637691268
116 9.578100204467773 0.030927025470809843
117 9.59570026397705 0.03094973670738248
118 9.61340045928955 0.030926035590947462
119 9.630999565124512 0.030946109745877762
120 9.648599624633787 0.030926247018710426
121 9.666299819946287 0.03094500149556232
122 9.683899879455566 0.030924054771894662
123 9.701600074768066 0.030943634443708682
124 9.719200134277344 0.03094201879117212
125 9.736900329589844 0.030939478845419824
126 9.75450038909912 0.03093838150412525
127 9.772199630737305 0.030938383898474333
128 9.789799690246582 0.030937267075565218
129 9.807499885559082 0.030936992192537437
130 9.82509994506836 0.030935368165081325
131 9.84280014038086 0.03093424085696888
132 9.860400199890137 0.030931718330960988
133 9.878100395202637 0.030909414920490107
134 9.895700454711914 0.03093059716263483
135 9.913399696350098 0.030908427885929318
136 9.930999755859377 0.030929210630918982
137 9.948599815368652 0.030905651968619687
138 9.966300010681152 0.03095043957544146
139 9.98390007019043 0.03103646496478856
140 10.00160026550293 0.030938870367301675
141 10.019200325012207 0.031071770052176068
142 10.036999702453613 0.03096265947017517
143 10.05500030517578 0.03104968075302152
144 10.071999549865724 0.031117705984976776
145 10.09000015258789 0.030996676604788723
146 10.107000350952148 0.031034197441962775
147 10.125 0.031047748173977187
148 10.142999649047852 0.031037190418538262
149 10.15999984741211 0.031078628085788814
150 10.178000450134276 0.031283045590195235
151 10.196000099182127 0.031031555785937713
152 10.213000297546387 0.031070933238253887
153 10.230999946594238 0.03125866242466513
154 10.24899959564209 0.031044308330852706
155 10.265999794006348 0.031065460698650568
156 10.284000396728516 0.03130279137306168
157 10.302000045776367 0.031039615904505536
158 10.319000244140623 0.03105245946809091
159 10.336999893188477 0.031029946611891814
160 10.354999542236328 0.031021451118276363
161 10.371999740600586 0.031017443555368236
162 10.390000343322754 0.031007354520664644
163 10.406999588012695 0.03102589379544514
164 10.425000190734863 0.0310040419481182
165 10.442999839782717 0.030969018879787806
166 10.460000038146973 0.03098148998788775
167 10.477999687194824 0.03114500972363596
168 10.496000289916992 0.030844902193441225
169 10.512999534606934 0.030756911800332375
170 10.531000137329102 0.031021907166466817
171 10.548999786376953 0.030834856677371007
172 10.565999984741213 0.030887890262988882
173 10.583999633789062 0.03112193778028084
174 10.60200023651123 0.030957378102139676
175 10.619000434875488 0.030995779971571037
176 10.63700008392334 0.03103259956782302
177 10.654999732971193 0.031059231427519787
178 10.67199993133545 0.031126595414409538
179 10.6899995803833 0.031131551152103813
180 10.70699977874756 0.03119976404844285
181 10.725000381469727 0.031210599293174424
182 10.743000030517578 0.031248200719327292
183 10.760000228881836 0.0312797923950598
184 10.777999877929688 0.031554067525082836
185 10.795999526977539 0.031350095442975116
186 10.812999725341797 0.03140244358289613
187 10.831000328063963 0.03162384151408863
188 10.848999977111816 0.031440442212717995
189 10.866000175476074 0.031477969941343296
190 10.883999824523926 0.031734790649206555
191 10.902000427246094 0.031502224339698494
192 10.918999671936037 0.031584153765264564
193 10.937000274658203 0.03155130665241725
194 10.954999923706056 0.03157511750067656
195 10.972000122070312 0.03162816053011636
196 10.989999771118164 0.03165504088924519
197 11.006999969482422 0.03185764485092089
198 11.024999618530273 0.03210535659556404
199 11.04300022125244 0.03223743983860981
200 11.0600004196167 0.03239959370495203
201 11.07800006866455 0.032737017645879836
202 11.095999717712402 0.032656089497360326
203 11.11299991607666 0.03280471201367094
204 11.130999565124512 0.030687465569862345
205 11.14900016784668 0.030572084113570614
206 11.166000366210938 0.030763147379183745
207 11.184000015258787 0.031115189402524605
208 11.19200038909912 0.03106768555787617
209 11.208999633789062 0.031202972731483914
210 11.22700023651123 0.03130648042279502
211 11.245100021362305 0.031458419548989015
212 11.262100219726562 0.03399835324334485
213 11.280099868774414 0.03412677623656383
214 11.297100067138672 0.034237188033707386
215 11.315099716186525 0.034352030508873685
216 11.333100318908693 0.03446536599383533
217 11.350099563598633 0.03456402512620324
218 11.368000030517578 0.03493970929381806
219 11.38599967956543 0.03477880470173419
220 11.402899742126465 0.03481435503885077
221 11.42080020904541 0.035194264097096174
222 11.438699722290039 0.035031672962439864
223 11.455499649047852 0.03507289401624377
224 11.473299980163574 0.03538714336929249
225 11.49120044708252 0.035184216855835816
226 11.50790023803711 0.035029286630375064
227 11.525699615478516 0.03477036900389136
228 11.543399810791016 0.0345856286099098
229 11.560199737548828 0.03434645327849715
230 11.577899932861328 0.034146379555446284
231 11.594499588012695 0.03390942993390017
232 11.612199783325195 0.03368854169527332
233 11.629799842834473 0.033451823348259524
234 11.646400451660154 0.033241188765528874
235 11.663999557495115 0.033319224097745605
236 11.681500434875488 0.032882087139148836
237 11.698100090026855 0.03267602661991186
238 11.71560001373291 0.03269249628327963
239 11.733099937438965 0.032308748225778235
240 11.749699592590332 0.032080871651799445
241 11.767200469970705 0.0321596309945524
242 11.784600257873535 0.03179412728107149
243 11.80109977722168 0.03162403268982093
244 11.818599700927734 0.03144575480534237
245 11.836099624633787 0.03129035961332025
246 11.85260009765625 0.03116620524537108
247 11.870100021362305 0.03103834789982847
248 11.88659954071045 0.030930286878957824
249 11.90410041809082 0.030801071243133887
250 11.921600341796875 0.030670513797950005
251 11.938199996948242 0.03056342769832499
252 11.95580005645752 0.030683642970244375
253 11.973400115966795 0.03062802068879325
254 11.989999771118164 0.030536060286740312
255 12.007699966430664 0.030662534396334495
