   376.859985   2.404740
   381.869995   1.934625
   386.880005   1.980879
   391.890015   2.349774
   396.890015   3.084997
   401.899994   5.129850
   406.910004   6.175062
   411.920013   7.600086
   416.929993   8.457502
   421.940002   8.875761
   426.950012   8.734686
   431.959991   8.956188
   436.959991  10.626809
   441.970001  11.679806
   446.980011  12.723932
   451.989990  13.631713
   457.000000  14.010786
   462.010010  14.427974
   467.019989  14.598901
   472.019989  14.982568
   477.029999  15.485582
   482.040009  15.939322
   487.049988  15.152053
   492.059998  15.996017
   497.070007  16.318221
   502.079987  16.174782
   507.089996  16.657897
   512.090027  16.689800
   517.099976  15.857181
   522.109985  16.520289
   527.119995  16.793436
   532.130005  17.344535
   537.140015  17.462098
   542.150024  17.294038
   547.150024  17.413424
   552.159973  17.604376
   557.169983  17.580323
   562.179993  17.362707
   567.190002  17.217073
   572.200012  17.153425
   577.210022  17.283333
   582.219971  17.658192
   587.219971  16.978764
   592.229980  16.381587
   597.239990  16.912933
   602.250000  17.226683
   607.260010  17.458351
   612.270020  17.149656
   617.280029  17.022800
   622.280029  17.059021
   627.289978  16.595241
   632.299988  16.524366
   637.309998  16.871773
   642.320007  16.809351
   647.330017  16.276593
   652.340027  16.022100
   657.349976  15.672301
   662.349976  16.844688
   667.359985  16.849303
   672.369995  16.790367
   677.380005  16.680646
   682.390015  16.397069
   687.400024  14.120375
   692.409973  14.151498
   697.409973  14.678279
   702.419983  14.635997
   707.429993  15.202915
   712.440002  14.978160
   717.450012  12.050510
   722.460022  11.547899
   727.469971  11.348110
   732.479980  12.622702
   737.479980  13.862184
   742.489990  14.424485
   747.500000  14.599689
   752.510010  14.504864
   757.520020  12.259762
   762.530029   6.633061
   767.539978  11.247497
   772.539978  13.744660
   777.549988  13.938488
   782.559998  13.803826
   787.570007  13.389397
   792.580017  12.818600
   797.590027  12.742616
   802.599976  12.553074
   807.609985  12.514033
   812.609985  10.712555
   817.619995   9.102094
   822.630005   9.487803
   827.640015  10.046381
   832.650024  10.441340
   837.659973  11.393172
   842.669983  11.780711
   847.669983  11.724852
   852.679993  11.163402
   857.690002  11.527171
   862.700012  11.538496
   867.710022  11.177982
   872.719971  11.377943
   877.729980  11.254345
   882.739990  11.147680
   887.739990  10.993013
   892.750000   9.927267
   897.760010   7.502354
   902.770020   7.478758
   907.780029   7.215969
   912.789978   6.520757
   917.799988   6.820647
   922.809998   7.543193
   927.809998   5.760713
   932.820007   2.179005
   937.830017   1.927385
   942.840027   2.482082
   947.849976   2.407953
   952.859985   2.672908
   957.869995   3.189157
   962.869995   4.134360
   967.880005   5.918692
   972.890015   6.604492
   977.900024   6.609247
   982.909973   7.674766
   987.919983   8.498694
   992.929993   8.810430
   997.940002   8.812029
  1002.940002   8.561323
  1007.950012   8.511446
  1012.960022   8.593714
  1017.969971   8.508952
  1022.979980   8.365857
  1027.989990   8.325060
  1033.000000   8.239023
  1038.000000   8.191116
  1043.010010   8.064205
  1048.020020   7.983394
  1053.030029   7.830368
  1058.040039   7.664979
  1063.050049   7.581202
  1068.060059   7.370359
  1073.069946   7.280241
  1078.069946   7.143453
  1083.079956   6.934045
  1088.089966   6.711347
  1093.099976   6.274691
  1098.109985   5.584764
  1103.119995   4.867290
  1108.130005   4.207024
  1113.130005   2.738431
  1118.140015   1.089278
  1123.150024   0.591390
  1128.160034   0.637743
  1133.170044   0.865449
  1138.180054   1.399722
  1143.189941   1.252999
  1148.199951   1.050300
  1153.199951   1.519894
  1158.209961   2.490657
  1163.219971   3.446137
  1168.229980   3.987180
  1173.239990   4.246605
  1178.250000   4.273530
  1183.260010   4.033554
  1188.260010   4.080393
  1193.270020   4.446824
  1198.280029   4.224994
  1203.290039   4.166370
  1208.300049   4.351997
  1213.310059   4.441661
  1218.319946   4.788914
  1223.329956   4.898170
  1228.329956   5.108533
  1233.339966   5.283312
  1238.349976   5.370420
  1243.359985   5.314278
  1248.369995   5.266746
  1253.380005   5.104954
  1258.390015   4.774760
  1263.390015   4.260809
  1268.400024   3.917593
  1273.410034   4.436969
  1278.420044   4.682185
  1283.430054   4.729171
  1288.439941   4.767595
  1293.449951   4.599183
  1298.459961   4.308090
  1303.459961   4.006065
  1308.469971   3.607657
  1313.479980   3.156953
  1318.489990   2.938333
  1323.500000   2.686075
  1328.510010   1.980164
  1333.520020   1.434548
  1338.520020   1.533100
  1343.530029   0.953834
  1348.540039   0.162997
  1353.550049  -0.014376
  1358.560059  -0.019528
  1363.569946  -0.012761
  1368.579956  -0.005666
  1373.589966  -0.002327
  1378.589966   0.001036
  1383.599976   0.005393
  1388.609985   0.006873
  1393.619995   0.008312
  1398.630005   0.009513
  1403.640015   0.009555
  1408.650024   0.010879
  1413.650024   0.021694
  1418.660034   0.024526
  1423.670044   0.057099
  1428.680054   0.108714
  1433.689941   0.093569
  1438.699951   0.089950
  1443.709961   0.126685
  1448.719971   0.240475
  1453.719971   0.410214
  1458.729980   0.648676
  1463.739990   0.542198
  1468.750000   0.263927
  1473.760010   0.436616
  1478.770020   0.480015
  1483.780029   0.676979
  1488.780029   0.988652
  1493.790039   1.512063
  1498.800049   2.001701
  1503.810059   2.022588
  1508.819946   2.394620
  1513.829956   2.555471
  1518.839966   2.676424
  1523.849976   2.892840
  1528.849976   2.928622
  1533.859985   3.019333
  1538.869995   3.041955
  1543.880005   3.063389
  1548.890015   3.081359
  1553.900024   3.068293
  1558.910034   3.052833
  1563.910034   3.011552
  1568.920044   2.804146
  1573.930054   2.588341
  1578.939941   2.622112
  1583.949951   2.759429
  1588.959961   2.763134
  1593.969971   2.811433
  1598.979980   2.654449
  1603.979980   2.517158
  1608.989990   2.518834
  1614.000000   2.617537
  1619.010010   2.647289
  1624.020020   2.658588
  1629.030029   2.635107
  1634.040039   2.538588
  1639.040039   2.417322
  1644.050049   2.390863
  1649.060059   2.354464
  1654.069946   2.247385
  1659.079956   2.195645
  1664.089966   2.037767
  1669.099976   2.020155
  1674.109985   2.031500
  1679.109985   1.975722
  1684.119995   1.918248
  1689.130005   1.826727
  1694.140015   1.733195
  1699.150024   1.605305
  1704.160034   1.510653
  1709.170044   1.335669
  1714.170044   1.278994
  1719.180054   1.276021
  1724.189941   1.183680
  1729.199951   1.269913
  1734.209961   1.199682
  1739.219971   1.203057
  1744.229980   1.153457
  1749.239990   1.151982
  1754.239990   1.116381
  1759.250000   1.101188
  1764.260010   0.961352
  1769.270020   0.935541
  1774.280029   0.769866
  1779.290039   0.637983
  1784.300049   0.525343
  1789.300049   0.519091
  1794.310059   0.226160
  1799.319946   0.180032
  1804.329956   0.046608
  1809.339966   0.023815
  1814.349976   0.004968
  1819.359985   0.000129
  1824.369995   0.001525
  1829.369995   0.001270
  1834.380005   0.001756
  1839.390015   0.003312
  1844.400024   0.003972
  1849.410034   0.004226
  1854.420044   0.004170
  1859.430054   0.004325
  1864.439941   0.004314
  1869.439941   0.004359
  1874.449951   0.004733
  1879.459961   0.004656
  1884.469971   0.004228
  1889.479980   0.004596
  1894.489990   0.004224
  1899.500000   0.003901
  1904.500000   0.003891
  1909.510010   0.003317
  1914.520020   0.002677
  1919.530029   0.002438
  1924.540039   0.002463
  1929.550049   0.001663
  1934.560059   0.003066
  1939.569946   0.010656
  1944.569946   0.021563
  1949.579956   0.033847
  1954.589966   0.025486
  1959.599976   0.047941
  1964.609985   0.135584
  1969.619995   0.284291
  1974.630005   0.377820
  1979.630005   0.479058
  1984.640015   0.596237
  1989.650024   0.568998
  1994.660034   0.512205
  1999.670044   0.179998
  2004.680054   0.064206
  2009.689941   0.145254
  2014.699951   0.113001
  2019.699951   0.221939
  2024.709961   0.465580
  2029.719971   0.630725
  2034.729980   0.771970
  2039.739990   0.737915
  2044.750000   0.707474
  2049.760010   0.543037
  2054.760010   0.394703
  2059.770020   0.484262
  2064.780029   0.453127
  2069.790039   0.481894
  2074.800049   0.590041
  2079.810059   0.702101
  2084.820068   0.712663
  2089.830078   0.736321
  2094.830078   0.745612
  2099.840088   0.728553
  2104.850098   0.760579
  2109.860107   0.744894
  2114.870117   0.726414
  2119.879883   0.698461
  2124.889893   0.704278
  2129.889893   0.707142
  2134.899902   0.684787
  2139.909912   0.649715
  2144.919922   0.641150
  2149.929932   0.610908
  2154.939941   0.610153
  2159.949951   0.586885
  2164.959961   0.546741
  2169.959961   0.592962
  2174.969971   0.597315
  2179.979980   0.593721
  2184.989990   0.537442
  2190.000000   0.572568
  2195.010010   0.559456
  2200.020020   0.511565
  2205.020020   0.520811
  2210.030029   0.555787
  2215.040039   0.543834
  2220.050049   0.543204
  2225.060059   0.522165
  2230.070068   0.509076
  2235.080078   0.477071
  2240.090088   0.452120
  2245.090088   0.413076
  2250.100098   0.385596
  2255.110107   0.347989
  2260.120117   0.313611
  2265.129883   0.289827
  2270.139893   0.271821
  2275.149902   0.258345
  2280.149902   0.247255
  2285.159912   0.228472
  2290.169922   0.205339
  2295.179932   0.175952
  2300.189941   0.166450
  2305.199951   0.160626
  2310.209961   0.173263
  2315.219971   0.160918
  2320.219971   0.147561
  2325.229980   0.170171
  2330.239990   0.177510
  2335.250000   0.168886
  2340.260010   0.134790
  2345.270020   0.133217
  2350.280029   0.108786
  2355.280029   0.122829
  2360.290039   0.142203
  2365.300049   0.129964
  2370.310059   0.091126
  2375.320068   0.100593
  2380.330078   0.090496
  2385.340088   0.078822
  2390.350098   0.094490
  2395.350098   0.101981
  2400.360107   0.105821
  2405.370117   0.079743
  2410.379883   0.071372
  2415.389893   0.047255
  2420.399902   0.061632
  2425.409912   0.082885
  2430.409912   0.092054
  2435.419922   0.048896
  2440.429932   0.085792
  2445.439941   0.041121
  2450.449951   0.022095
  2455.459961   0.051703
  2460.469971   0.059838
  2465.479980   0.042317
  2470.479980   0.027212
  2475.489990   0.023791
  2480.500000   0.012128
  2485.510010   0.004707
  2490.520020   0.004444
  2495.530029   0.007907
  2500.540039   0.011259
