   376.859985   1.682616
   381.869995   1.379355
   386.880005   1.309379
   391.890015   1.408180
   396.890015   1.558614
   401.899994   2.173250
   406.910004   2.231904
   411.920013   2.415398
   416.929993   2.497005
   421.940002   2.484018
   426.950012   2.356674
   431.959991   2.345338
   436.959991   2.663221
   441.970001   2.851379
   446.980011   3.035468
   451.989990   3.188409
   457.000000   3.214549
   462.010010   3.263965
   467.019989   3.251626
   472.019989   3.284153
   477.029999   3.353588
   482.040009   3.384329
   487.049988   3.192568
   492.059998   3.296927
   497.070007   3.341349
   502.079987   3.256920
   507.089996   3.292864
   512.090027   3.282885
   517.099976   3.113334
   522.109985   3.219248
   527.119995   3.272586
   532.130005   3.343846
   537.140015   3.355668
   542.150024   3.335870
   547.150024   3.407056
   552.159973   3.495930
   557.169983   3.540767
   562.179993   3.643314
   567.190002   3.771811
   572.200012   3.964293
   577.210022   4.211798
   582.219971   4.575631
   587.219971   4.679931
   592.229980   4.788082
   597.239990   5.172863
   602.250000   5.495056
   607.260010   5.743410
   612.270020   5.794940
   617.280029   5.850559
   622.280029   5.964512
   627.289978   5.867539
   632.299988   5.939416
   637.309998   6.117438
   642.320007   6.125471
   647.330017   5.980057
   652.340027   5.947974
   657.349976   5.868383
   662.349976   6.282584
   667.359985   6.368119
   672.369995   6.375449
   677.380005   6.416679
   682.390015   6.339755
   687.400024   5.545252
   692.409973   5.588569
   697.409973   5.885046
   702.419983   5.911694
   707.429993   6.176502
   712.440002   6.177006
   717.450012   5.044234
   722.460022   4.818705
   727.469971   4.787102
   732.479980   5.363978
   737.479980   5.929834
   742.489990   6.176557
   747.500000   6.292676
   752.510010   6.213447
   757.520020   5.226983
   762.530029   2.823925
   767.539978   4.704260
   772.539978   5.787180
   777.549988   5.805924
   782.559998   5.711677
   787.570007   5.462440
   792.580017   5.207520
   797.590027   5.114806
   802.599976   5.002913
   807.609985   4.925472
   812.609985   4.228724
   817.619995   3.555144
   822.630005   3.696970
   827.640015   3.893110
   832.650024   3.993078
   837.659973   4.329772
   842.669983   4.500061
   847.669983   4.473609
   852.679993   4.250443
   857.690002   4.347956
   862.700012   4.372243
   867.710022   4.224746
   872.719971   4.308309
   877.729980   4.260684
   882.739990   4.212615
   887.739990   4.143815
   892.750000   3.775261
   897.760010   2.858631
   902.770020   2.857283
   907.780029   2.758999
   912.789978   2.498745
   917.799988   2.631244
   922.809998   2.921357
   927.809998   2.225038
   932.820007   0.881163
   937.830017   0.790788
   942.840027   0.988687
   947.849976   0.961559
   952.859985   1.081685
   957.869995   1.296536
   962.869995   1.659037
   967.880005   2.392199
   972.890015   2.686820
   977.900024   2.709040
   982.909973   3.166974
   987.919983   3.531044
   992.929993   3.672797
   997.940002   3.707283
  1002.940002   3.624369
  1007.950012   3.598133
  1012.960022   3.638426
  1017.969971   3.625938
  1022.979980   3.583688
  1027.989990   3.566068
  1033.000000   3.539194
  1038.000000   3.509488
  1043.010010   3.470763
  1048.020020   3.428848
  1053.030029   3.389744
  1058.040039   3.301582
  1063.050049   3.236987
  1068.060059   3.150508
  1073.069946   3.130287
  1078.069946   3.080441
  1083.079956   2.958843
  1088.089966   2.862075
  1093.099976   2.680581
  1098.109985   2.371357
  1103.119995   2.066326
  1108.130005   1.783999
  1113.130005   1.167622
  1118.140015   0.477529
  1123.150024   0.264109
  1128.160034   0.288180
  1133.170044   0.380060
  1138.180054   0.603982
  1143.189941   0.540343
  1148.199951   0.458473
  1153.199951   0.655263
  1158.209961   1.067675
  1163.219971   1.504677
  1168.229980   1.751923
  1173.239990   1.870397
  1178.250000   1.899755
  1183.260010   1.795898
  1188.260010   1.847524
  1193.270020   2.012903
  1198.280029   1.908679
  1203.290039   1.871151
  1208.300049   1.952860
  1213.310059   1.971559
  1218.319946   2.093948
  1223.329956   2.124791
  1228.329956   2.182039
  1233.339966   2.253443
  1238.349976   2.271888
  1243.359985   2.235818
  1248.369995   2.205066
  1253.380005   2.135206
  1258.390015   1.993855
  1263.390015   1.766763
  1268.400024   1.620951
  1273.410034   1.833014
  1278.420044   1.924816
  1283.430054   1.940558
  1288.439941   1.955446
  1293.449951   1.886735
  1298.459961   1.760858
  1303.459961   1.620911
  1308.469971   1.452656
  1313.479980   1.263519
  1318.489990   1.168315
  1323.500000   1.061359
  1328.510010   0.769161
  1333.520020   0.555905
  1338.520020   0.597486
  1343.530029   0.365264
  1348.540039   0.064732
  1353.550049   0.000770
  1358.560059  -0.001832
  1363.569946   0.000095
  1368.579956   0.002981
  1373.589966   0.004207
  1378.589966   0.005991
  1383.599976   0.006649
  1388.609985   0.008075
  1393.619995   0.007821
  1398.630005   0.008106
  1403.640015   0.008112
  1408.650024   0.008641
  1413.650024   0.012331
  1418.660034   0.013763
  1423.670044   0.025177
  1428.680054   0.045083
  1433.689941   0.039530
  1438.699951   0.037183
  1443.709961   0.049823
  1448.719971   0.095391
  1453.719971   0.157792
  1458.729980   0.244793
  1463.739990   0.206349
  1468.750000   0.102749
  1473.760010   0.169124
  1478.770020   0.183411
  1483.780029   0.255183
  1488.780029   0.372238
  1493.790039   0.571894
  1498.800049   0.763248
  1503.810059   0.765554
  1508.819946   0.918808
  1513.829956   0.986827
  1518.839966   1.027934
  1523.849976   1.115717
  1528.849976   1.123273
  1533.859985   1.159653
  1538.869995   1.165001
  1543.880005   1.176967
  1548.890015   1.185322
  1553.900024   1.173731
  1558.910034   1.159578
  1563.910034   1.137800
  1568.920044   1.062519
  1573.930054   0.987887
  1578.939941   0.998348
  1583.949951   1.055485
  1588.959961   1.046769
  1593.969971   1.060183
  1598.979980   1.002704
  1603.979980   0.960441
  1608.989990   0.958215
  1614.000000   0.993626
  1619.010010   1.008236
  1624.020020   1.023484
  1629.030029   1.020296
  1634.040039   0.989945
  1639.040039   0.938948
  1644.050049   0.927832
  1649.060059   0.924893
  1654.069946   0.916238
  1659.079956   0.933260
  1664.089966   0.883865
  1669.099976   0.876874
  1674.109985   0.876793
  1679.109985   0.858574
  1684.119995   0.848829
  1689.130005   0.827341
  1694.140015   0.807856
  1699.150024   0.781933
  1704.160034   0.772215
  1709.170044   0.724075
  1714.170044   0.724256
  1719.180054   0.719767
  1724.189941   0.636179
  1729.199951   0.656013
  1734.209961   0.597347
  1739.219971   0.587876
  1744.229980   0.568702
  1749.239990   0.567066
  1754.239990   0.550683
  1759.250000   0.536921
  1764.260010   0.456891
  1769.270020   0.429883
  1774.280029   0.353406
  1779.290039   0.286646
  1784.300049   0.231567
  1789.300049   0.225542
  1794.310059   0.097097
  1799.319946   0.075502
  1804.329956   0.021147
  1809.339966   0.011249
  1814.349976   0.003728
  1819.359985   0.002166
  1824.369995   0.002615
  1829.369995   0.002588
  1834.380005   0.002865
  1839.390015   0.003344
  1844.400024   0.003536
  1849.410034   0.003474
  1854.420044   0.003624
  1859.430054   0.003177
  1864.439941   0.003692
  1869.439941   0.003397
  1874.449951   0.003712
  1879.459961   0.003087
  1884.469971   0.003014
  1889.479980   0.003497
  1894.489990   0.003256
  1899.500000   0.003003
  1904.500000   0.002966
  1909.510010   0.002716
  1914.520020   0.002423
  1919.530029   0.002283
  1924.540039   0.002506
  1929.550049   0.002355
  1934.560059   0.002567
  1939.569946   0.005237
  1944.569946   0.009308
  1949.579956   0.014195
  1954.589966   0.011147
  1959.599976   0.020440
  1964.609985   0.054220
  1969.619995   0.114954
  1974.630005   0.151570
  1979.630005   0.190950
  1984.640015   0.236609
  1989.650024   0.227483
  1994.660034   0.204198
  1999.670044   0.073734
  2004.680054   0.027373
  2009.689941   0.058796
  2014.699951   0.045455
  2019.699951   0.089504
  2024.709961   0.187188
  2029.719971   0.250355
  2034.729980   0.306300
  2039.739990   0.293347
  2044.750000   0.280623
  2049.760010   0.212937
  2054.760010   0.155216
  2059.770020   0.191242
  2064.780029   0.178840
  2069.790039   0.189373
  2074.800049   0.232685
  2079.810059   0.277098
  2084.820068   0.280223
  2089.830078   0.292282
  2094.830078   0.295910
  2099.840088   0.287367
  2104.850098   0.301798
  2109.860107   0.296893
  2114.870117   0.291716
  2119.879883   0.282795
  2124.889893   0.287604
  2129.889893   0.294338
  2134.899902   0.293266
  2139.909912   0.291571
  2144.919922   0.283950
  2149.929932   0.257264
  2154.939941   0.251666
  2159.949951   0.245838
  2164.959961   0.229702
  2169.959961   0.240563
  2174.969971   0.238040
  2179.979980   0.236219
  2184.989990   0.215599
  2190.000000   0.230445
  2195.010010   0.222349
  2200.020020   0.201240
  2205.020020   0.203910
  2210.030029   0.218828
  2215.040039   0.223566
  2220.050049   0.230900
  2225.060059   0.227530
  2230.070068   0.228174
  2235.080078   0.220919
  2240.090088   0.215524
  2245.090088   0.206305
  2250.100098   0.202885
  2255.110107   0.192911
  2260.120117   0.183833
  2265.129883   0.176444
  2270.139893   0.172487
  2275.149902   0.169399
  2280.149902   0.166482
  2285.159912   0.161205
  2290.169922   0.151570
  2295.179932   0.137945
  2300.189941   0.138227
  2305.199951   0.139387
  2310.209961   0.148243
  2315.219971   0.131209
  2320.219971   0.114087
  2325.229980   0.129318
  2330.239990   0.134534
  2335.250000   0.128027
  2340.260010   0.102776
  2345.270020   0.101532
  2350.280029   0.082373
  2355.280029   0.092497
  2360.290039   0.108508
  2365.300049   0.099965
  2370.310059   0.070214
  2375.320068   0.077943
  2380.330078   0.068203
  2385.340088   0.058641
  2390.350098   0.069482
  2395.350098   0.075735
  2400.360107   0.077983
  2405.370117   0.058872
  2410.379883   0.052533
  2415.389893   0.033978
  2420.399902   0.042678
  2425.409912   0.056981
  2430.409912   0.064023
  2435.419922   0.034251
  2440.429932   0.058932
  2445.439941   0.027938
  2450.449951   0.015216
  2455.459961   0.035060
  2460.469971   0.040448
  2465.479980   0.027135
  2470.479980   0.017516
  2475.489990   0.014617
  2480.500000   0.007627
  2485.510010   0.003972
  2490.520020   0.003529
  2495.530029   0.005043
  2500.540039   0.007199
