   376.859985   1.005736
   381.869995   0.807655
   386.880005   0.743644
   391.890015   0.792194
   396.890015   0.853339
   401.899994   1.153495
   406.910004   1.149870
   411.920013   1.205465
   416.929993   1.212411
   421.940002   1.187539
   426.950012   1.108384
   431.959991   1.082820
   436.959991   1.219308
   441.970001   1.271397
   446.980011   1.340842
   451.989990   1.386138
   457.000000   1.383430
   462.010010   1.385363
   467.019989   1.362443
   472.019989   1.368083
   477.029999   1.385293
   482.040009   1.383592
   487.049988   1.295917
   492.059998   1.335523
   497.070007   1.338375
   502.079987   1.305196
   507.089996   1.310115
   512.090027   1.305815
   517.099976   1.243767
   522.109985   1.299407
   527.119995   1.306479
   532.130005   1.352909
   537.140015   1.351570
   542.150024   1.344193
   547.150024   1.368468
   552.159973   1.383235
   557.169983   1.393351
   562.179993   1.425270
   567.190002   1.482944
   572.200012   1.556507
   577.210022   1.663773
   582.219971   1.832940
   587.219971   1.899360
   592.229980   1.984688
   597.239990   2.193520
   602.250000   2.377279
   607.260010   2.521379
   612.270020   2.583487
   617.280029   2.642341
   622.280029   2.715444
   627.289978   2.698567
   632.299988   2.754088
   637.309998   2.875218
   642.320007   2.902022
   647.330017   2.856486
   652.340027   2.871200
   657.349976   2.871726
   662.349976   3.136415
   667.359985   3.220846
   672.369995   3.295353
   677.380005   3.410503
   682.390015   3.433582
   687.400024   3.057249
   692.409973   3.140028
   697.409973   3.365299
   702.419983   3.465339
   707.429993   3.667991
   712.440002   3.751093
   717.450012   3.075077
   722.460022   2.989381
   727.469971   3.008756
   732.479980   3.414006
   737.479980   3.798820
   742.489990   3.982213
   747.500000   4.102448
   752.510010   4.054683
   757.520020   3.416448
   762.530029   1.810845
   767.539978   3.084437
   772.539978   3.774466
   777.549988   3.768012
   782.559998   3.677081
   787.570007   3.491199
   792.580017   3.313300
   797.590027   3.245065
   802.599976   3.170078
   807.609985   3.121352
   812.609985   2.667850
   817.619995   2.225559
   822.630005   2.329489
   827.640015   2.421689
   832.650024   2.493951
   837.659973   2.708983
   842.669983   2.816384
   847.669983   2.797638
   852.679993   2.662121
   857.690002   2.718835
   862.700012   2.752743
   867.710022   2.674533
   872.719971   2.733268
   877.729980   2.739116
   882.739990   2.712438
   887.739990   2.698977
   892.750000   2.460217
   897.760010   1.876060
   902.770020   1.916893
   907.780029   1.853744
   912.789978   1.693521
   917.799988   1.802762
   922.809998   2.017948
   927.809998   1.531626
   932.820007   0.603436
   937.830017   0.567842
   942.840027   0.714074
   947.849976   0.708227
   952.859985   0.807094
   957.869995   0.977685
   962.869995   1.289583
   967.880005   1.887147
   972.890015   2.131335
   977.900024   2.185480
   982.909973   2.584932
   987.919983   2.922847
   992.929993   3.063820
   997.940002   3.130595
  1002.940002   3.092583
  1007.950012   3.094420
  1012.960022   3.138467
  1017.969971   3.162249
  1022.979980   3.152236
  1027.989990   3.143267
  1033.000000   3.123495
  1038.000000   3.119827
  1043.010010   3.104652
  1048.020020   3.093997
  1053.030029   3.065441
  1058.040039   2.982497
  1063.050049   2.938697
  1068.060059   2.885942
  1073.069946   2.885600
  1078.069946   2.834641
  1083.079956   2.733941
  1088.089966   2.657910
  1093.099976   2.488662
  1098.109985   2.214558
  1103.119995   1.930566
  1108.130005   1.669539
  1113.130005   1.091625
  1118.140015   0.435745
  1123.150024   0.238891
  1128.160034   0.264101
  1133.170044   0.355208
  1138.180054   0.576022
  1143.189941   0.513973
  1148.199951   0.430563
  1153.199951   0.619569
  1158.209961   1.020016
  1163.219971   1.426562
  1168.229980   1.643446
  1173.239990   1.748047
  1178.250000   1.770958
  1183.260010   1.655087
  1188.260010   1.678426
  1193.270020   1.792960
  1198.280029   1.659935
  1203.290039   1.560470
  1208.300049   1.563025
  1213.310059   1.541435
  1218.319946   1.659033
  1223.329956   1.777714
  1228.329956   1.925313
  1233.339966   2.063420
  1238.349976   2.127036
  1243.359985   2.139471
  1248.369995   2.144051
  1253.380005   2.103462
  1258.390015   1.967709
  1263.390015   1.750084
  1268.400024   1.613416
  1273.410034   1.836673
  1278.420044   1.932577
  1283.430054   1.950391
  1288.439941   1.983338
  1293.449951   1.909525
  1298.459961   1.786336
  1303.459961   1.639666
  1308.469971   1.486632
  1313.479980   1.307824
  1318.489990   1.207822
  1323.500000   1.102926
  1328.510010   0.802679
  1333.520020   0.581208
  1338.520020   0.623170
  1343.530029   0.383676
  1348.540039   0.064044
  1353.550049  -0.001695
  1358.560059  -0.002729
  1363.569946  -0.000658
  1368.579956   0.000993
  1373.589966   0.003080
  1378.589966   0.004531
  1383.599976   0.005699
  1388.609985   0.007067
  1393.619995   0.006378
  1398.630005   0.007342
  1403.640015   0.007070
  1408.650024   0.008382
  1413.650024   0.011626
  1418.660034   0.012342
  1423.670044   0.023732
  1428.680054   0.044368
  1433.689941   0.037625
  1438.699951   0.036002
  1443.709961   0.050429
  1448.719971   0.095195
  1453.719971   0.162487
  1458.729980   0.254060
  1463.739990   0.213279
  1468.750000   0.106792
  1473.760010   0.179529
  1478.770020   0.196367
  1483.780029   0.278931
  1488.780029   0.405688
  1493.790039   0.631954
  1498.800049   0.838394
  1503.810059   0.844588
  1508.819946   1.012903
  1513.829956   1.088779
  1518.839966   1.137929
  1523.849976   1.239263
  1528.849976   1.247158
  1533.859985   1.289616
  1538.869995   1.297286
  1543.880005   1.306509
  1548.890015   1.332963
  1553.900024   1.314463
  1558.910034   1.308881
  1563.910034   1.283458
  1568.920044   1.206994
  1573.930054   1.120996
  1578.939941   1.140940
  1583.949951   1.212213
  1588.959961   1.197872
  1593.969971   1.210496
  1598.979980   1.146845
  1603.979980   1.105342
  1608.989990   1.096067
  1614.000000   1.136967
  1619.010010   1.150136
  1624.020020   1.168266
  1629.030029   1.168626
  1634.040039   1.135165
  1639.040039   1.072885
  1644.050049   1.060883
  1649.060059   1.051779
  1654.069946   1.044360
  1659.079956   1.063031
  1664.089966   0.996047
  1669.099976   0.986891
  1674.109985   0.974116
  1679.109985   0.938851
  1684.119995   0.907990
  1689.130005   0.857622
  1694.140015   0.808510
  1699.150024   0.747881
  1704.160034   0.670616
  1709.170044   0.552753
  1714.170044   0.485285
  1719.180054   0.428742
  1724.189941   0.327936
  1729.199951   0.285614
  1734.209961   0.283179
  1739.219971   0.364478
  1744.229980   0.407653
  1749.239990   0.437299
  1754.239990   0.409472
  1759.250000   0.362354
  1764.260010   0.281393
  1769.270020   0.290896
  1774.280029   0.267555
  1779.290039   0.228717
  1784.300049   0.191304
  1789.300049   0.190082
  1794.310059   0.080375
  1799.319946   0.061465
  1804.329956   0.016820
  1809.339966   0.009230
  1814.349976   0.003091
  1819.359985   0.001759
  1824.369995   0.002133
  1829.369995   0.002111
  1834.380005   0.002461
  1839.390015   0.002961
  1844.400024   0.002500
  1849.410034   0.003068
  1854.420044   0.002706
  1859.430054   0.003221
  1864.439941   0.003077
  1869.439941   0.003260
  1874.449951   0.002830
  1879.459961   0.002896
  1884.469971   0.002896
  1889.479980   0.002713
  1894.489990   0.002585
  1899.500000   0.002760
  1904.500000   0.002752
  1909.510010   0.002299
  1914.520020   0.001964
  1919.530029   0.001970
  1924.540039   0.001791
  1929.550049   0.001457
  1934.560059   0.002160
  1939.569946   0.005002
  1944.569946   0.009201
  1949.579956   0.014029
  1954.589966   0.011382
  1959.599976   0.019776
  1964.609985   0.056313
  1969.619995   0.119203
  1974.630005   0.157003
  1979.630005   0.201303
  1984.640015   0.249941
  1989.650024   0.237094
  1994.660034   0.212781
  1999.670044   0.075190
  2004.680054   0.027007
  2009.689941   0.058926
  2014.699951   0.045960
  2019.699951   0.092880
  2024.709961   0.195787
  2029.719971   0.265102
  2034.729980   0.326433
  2039.739990   0.311102
  2044.750000   0.295832
  2049.760010   0.225088
  2054.760010   0.164453
  2059.770020   0.204144
  2064.780029   0.194266
  2069.790039   0.208361
  2074.800049   0.259137
  2079.810059   0.311890
  2084.820068   0.317247
  2089.830078   0.332678
  2094.830078   0.340480
  2099.840088   0.330692
  2104.850098   0.350249
  2109.860107   0.348699
  2114.870117   0.344398
  2119.879883   0.334832
  2124.889893   0.341250
  2129.889893   0.354666
  2134.899902   0.353100
  2139.909912   0.346504
  2144.919922   0.338447
  2149.929932   0.310669
  2154.939941   0.307546
  2159.949951   0.302069
  2164.959961   0.283498
  2169.959961   0.295531
  2174.969971   0.291863
  2179.979980   0.288583
  2184.989990   0.261206
  2190.000000   0.280365
  2195.010010   0.267661
  2200.020020   0.242732
  2205.020020   0.249809
  2210.030029   0.266638
  2215.040039   0.258311
  2220.050049   0.258102
  2225.060059   0.247157
  2230.070068   0.241169
  2235.080078   0.228103
  2240.090088   0.219653
  2245.090088   0.203477
  2250.100098   0.192500
  2255.110107   0.174467
  2260.120117   0.157657
  2265.129883   0.140656
  2270.139893   0.123681
  2275.149902   0.108028
  2280.149902   0.095783
  2285.159912   0.083518
  2290.169922   0.069989
  2295.179932   0.055565
  2300.189941   0.044773
  2305.199951   0.036288
  2310.209961   0.031376
  2315.219971   0.028921
  2320.219971   0.038593
  2325.229980   0.053103
  2330.239990   0.056613
  2335.250000   0.050964
  2340.260010   0.037781
  2345.270020   0.030765
  2350.280029   0.021724
  2355.280029   0.027426
  2360.290039   0.037122
  2365.300049   0.033346
  2370.310059   0.022616
  2375.320068   0.026008
  2380.330078   0.022399
  2385.340088   0.018197
  2390.350098   0.021838
  2395.350098   0.023648
  2400.360107   0.024683
  2405.370117   0.018385
  2410.379883   0.017253
  2415.389893   0.011365
  2420.399902   0.015121
  2425.409912   0.019662
  2430.409912   0.022198
  2435.419922   0.012336
  2440.429932   0.020868
  2445.439941   0.010475
  2450.449951   0.006649
  2455.459961   0.015435
  2460.469971   0.017753
  2465.479980   0.013036
  2470.479980   0.008817
  2475.489990   0.008214
  2480.500000   0.005022
  2485.510010   0.002852
  2490.520020   0.003153
  2495.530029   0.004083
  2500.540039   0.006074
