   376.859985   0.986457
   381.869995   0.807856
   386.880005   0.737166
   391.890015   0.782820
   396.890015   0.848805
   401.899994   1.144399
   406.910004   1.150505
   411.920013   1.218833
   416.929993   1.234750
   421.940002   1.206301
   426.950012   1.133700
   431.959991   1.112117
   436.959991   1.257420
   441.970001   1.336808
   446.980011   1.418321
   451.989990   1.482160
   457.000000   1.485180
   462.010010   1.498016
   467.019989   1.481800
   472.019989   1.490455
   477.029999   1.520372
   482.040009   1.527243
   487.049988   1.452855
   492.059998   1.513660
   497.070007   1.548986
   502.079987   1.534792
   507.089996   1.579753
   512.090027   1.614648
   517.099976   1.589127
   522.109985   1.706250
   527.119995   1.786897
   532.130005   1.896393
   537.140015   1.954859
   542.150024   1.981581
   547.150024   2.034749
   552.159973   2.073683
   557.169983   2.058410
   562.179993   2.032373
   567.190002   1.984060
   572.200012   1.913200
   577.210022   1.835939
   582.219971   1.769900
   587.219971   1.599427
   592.229980   1.436912
   597.239990   1.373145
   602.250000   1.315879
   607.260010   1.268557
   612.270020   1.202953
   617.280029   1.167122
   622.280029   1.150214
   627.289978   1.109415
   632.299988   1.100617
   637.309998   1.114836
   642.320007   1.115136
   647.330017   1.076952
   652.340027   1.067263
   657.349976   1.053995
   662.349976   1.134068
   667.359985   1.169596
   672.369995   1.193329
   677.380005   1.200218
   682.390015   1.209233
   687.400024   1.088282
   692.409973   1.118401
   697.409973   1.185950
   702.419983   1.207010
   707.429993   1.253947
   712.440002   1.235095
   717.450012   1.006805
   722.460022   0.951948
   727.469971   0.937068
   732.479980   1.055570
   737.479980   1.193194
   742.489990   1.284886
   747.500000   1.368745
   752.510010   1.414047
   757.520020   1.243056
   762.530029   0.725863
   767.539978   1.199427
   772.539978   1.476977
   777.549988   1.491393
   782.559998   1.481600
   787.570007   1.446790
   792.580017   1.428781
   797.590027   1.474276
   802.599976   1.525095
   807.609985   1.604670
   812.609985   1.473186
   817.619995   1.341844
   822.630005   1.501943
   827.640015   1.684007
   832.650024   1.849527
   837.659973   2.136473
   842.669983   2.333989
   847.669983   2.439288
   852.679993   2.418386
   857.690002   2.569882
   862.700012   2.666256
   867.710022   2.639812
   872.719971   2.742350
   877.729980   2.754074
   882.739990   2.753824
   887.739990   2.737240
   892.750000   2.509064
   897.760010   1.903207
   902.770020   1.914457
   907.780029   1.861264
   912.789978   1.688627
   917.799988   1.773937
   922.809998   1.962534
   927.809998   1.486124
   932.820007   0.590507
   937.830017   0.532856
   942.840027   0.669729
   947.849976   0.654808
   952.859985   0.741935
   957.869995   0.890544
   962.869995   1.146590
   967.880005   1.658132
   972.890015   1.868019
   977.900024   1.883095
   982.909973   2.215108
   987.919983   2.479741
   992.929993   2.583133
   997.940002   2.620367
  1002.940002   2.566753
  1007.950012   2.555050
  1012.960022   2.601812
  1017.969971   2.593000
  1022.979980   2.577490
  1027.989990   2.579793
  1033.000000   2.567988
  1038.000000   2.561388
  1043.010010   2.543464
  1048.020020   2.534769
  1053.030029   2.517401
  1058.040039   2.477305
  1063.050049   2.459483
  1068.060059   2.412709
  1073.069946   2.414278
  1078.069946   2.389697
  1083.079956   2.310380
  1088.089966   2.258226
  1093.099976   2.135201
  1098.109985   1.896066
  1103.119995   1.662118
  1108.130005   1.438468
  1113.130005   0.943976
  1118.140015   0.384200
  1123.150024   0.213007
  1128.160034   0.231938
  1133.170044   0.312192
  1138.180054   0.499080
  1143.189941   0.448966
  1148.199951   0.381941
  1153.199951   0.548315
  1158.209961   0.895018
  1163.219971   1.241537
  1168.229980   1.435877
  1173.239990   1.539604
  1178.250000   1.550801
  1183.260010   1.437706
  1188.260010   1.441412
  1193.270020   1.546988
  1198.280029   1.400327
  1203.290039   1.298433
  1208.300049   1.278060
  1213.310059   1.247687
  1218.319946   1.354003
  1223.329956   1.474811
  1228.329956   1.651240
  1233.339966   1.807871
  1238.349976   1.891273
  1243.359985   1.917143
  1248.369995   1.927908
  1253.380005   1.887053
  1258.390015   1.783402
  1263.390015   1.593464
  1268.400024   1.483438
  1273.410034   1.682939
  1278.420044   1.772491
  1283.430054   1.794984
  1288.439941   1.810245
  1293.449951   1.749946
  1298.459961   1.644800
  1303.459961   1.522033
  1308.469971   1.376961
  1313.479980   1.203989
  1318.489990   1.117532
  1323.500000   1.017981
  1328.510010   0.736190
  1333.520020   0.536018
  1338.520020   0.578686
  1343.530029   0.352388
  1348.540039   0.064219
  1353.550049  -0.000548
  1358.560059  -0.002160
  1363.569946  -0.000603
  1368.579956   0.001705
  1373.589966   0.003632
  1378.589966   0.004719
  1383.599976   0.005690
  1388.609985   0.006635
  1393.619995   0.006948
  1398.630005   0.007299
  1403.640015   0.007365
  1408.650024   0.007740
  1413.650024   0.010863
  1418.660034   0.012104
  1423.670044   0.020844
  1428.680054   0.038399
  1433.689941   0.033323
  1438.699951   0.031759
  1443.709961   0.044076
  1448.719971   0.083770
  1453.719971   0.142429
  1458.729980   0.222236
  1463.739990   0.190177
  1468.750000   0.095544
  1473.760010   0.160220
  1478.770020   0.176306
  1483.780029   0.246231
  1488.780029   0.365509
  1493.790039   0.565515
  1498.800049   0.757383
  1503.810059   0.763702
  1508.819946   0.918385
  1513.829956   0.989572
  1518.839966   1.030273
  1523.849976   1.114404
  1528.849976   1.122665
  1533.859985   1.161398
  1538.869995   1.158957
  1543.880005   1.169888
  1548.890015   1.195772
  1553.900024   1.193491
  1558.910034   1.192896
  1563.910034   1.175404
  1568.920044   1.099020
  1573.930054   1.023472
  1578.939941   1.037328
  1583.949951   1.097540
  1588.959961   1.091129
  1593.969971   1.101487
  1598.979980   1.043322
  1603.979980   0.999818
  1608.989990   0.995342
  1614.000000   1.034160
  1619.010010   1.048829
  1624.020020   1.063121
  1629.030029   1.062949
  1634.040039   1.023510
  1639.040039   0.967639
  1644.050049   0.957238
  1649.060059   0.951583
  1654.069946   0.940515
  1659.079956   0.951319
  1664.089966   0.894210
  1669.099976   0.873436
  1674.109985   0.855072
  1679.109985   0.812210
  1684.119995   0.780660
  1689.130005   0.727099
  1694.140015   0.672698
  1699.150024   0.609661
  1704.160034   0.528570
  1709.170044   0.420927
  1714.170044   0.364613
  1719.180054   0.316927
  1724.189941   0.242161
  1729.199951   0.213222
  1734.209961   0.210875
  1739.219971   0.273798
  1744.229980   0.309979
  1749.239990   0.335719
  1754.239990   0.310245
  1759.250000   0.272130
  1764.260010   0.213628
  1769.270020   0.220062
  1774.280029   0.204333
  1779.290039   0.177844
  1784.300049   0.150800
  1789.300049   0.149879
  1794.310059   0.064356
  1799.319946   0.048892
  1804.329956   0.014455
  1809.339966   0.008257
  1814.349976   0.003286
  1819.359985   0.002092
  1824.369995   0.002481
  1829.369995   0.002399
  1834.380005   0.002667
  1839.390015   0.002715
  1844.400024   0.002956
  1849.410034   0.003031
  1854.420044   0.002912
  1859.430054   0.002935
  1864.439941   0.003015
  1869.439941   0.002787
  1874.449951   0.002777
  1879.459961   0.002736
  1884.469971   0.002684
  1889.479980   0.002597
  1894.489990   0.002668
  1899.500000   0.002619
  1904.500000   0.002520
  1909.510010   0.002301
  1914.520020   0.002348
  1919.530029   0.002110
  1924.540039   0.001997
  1929.550049   0.001922
  1934.560059   0.002112
  1939.569946   0.004521
  1944.569946   0.007895
  1949.579956   0.011634
  1954.589966   0.009396
  1959.599976   0.016728
  1964.609985   0.045859
  1969.619995   0.096536
  1974.630005   0.127594
  1979.630005   0.162528
  1984.640015   0.200541
  1989.650024   0.191451
  1994.660034   0.171841
  1999.670044   0.061722
  2004.680054   0.022504
  2009.689941   0.047794
  2014.699951   0.037190
  2019.699951   0.075087
  2024.709961   0.158367
  2029.719971   0.214142
  2034.729980   0.263144
  2039.739990   0.251101
  2044.750000   0.239407
  2049.760010   0.183279
  2054.760010   0.133104
  2059.770020   0.166047
  2064.780029   0.158991
  2069.790039   0.170629
  2074.800049   0.212548
  2079.810059   0.257080
  2084.820068   0.262072
  2089.830078   0.274695
  2094.830078   0.280622
  2099.840088   0.276015
  2104.850098   0.291462
  2109.860107   0.289888
  2114.870117   0.287036
  2119.879883   0.280354
  2124.889893   0.285245
  2129.889893   0.293550
  2134.899902   0.291829
  2139.909912   0.285395
  2144.919922   0.278175
  2149.929932   0.258313
  2154.939941   0.255099
  2159.949951   0.249289
  2164.959961   0.232384
  2169.959961   0.243967
  2174.969971   0.238430
  2179.979980   0.236589
  2184.989990   0.214342
  2190.000000   0.229044
  2195.010010   0.218722
  2200.020020   0.197078
  2205.020020   0.202304
  2210.030029   0.215914
  2215.040039   0.208288
  2220.050049   0.204997
  2225.060059   0.195866
  2230.070068   0.191296
  2235.080078   0.180136
  2240.090088   0.170282
  2245.090088   0.157843
  2250.100098   0.147558
  2255.110107   0.131951
  2260.120117   0.117945
  2265.129883   0.103454
  2270.139893   0.088829
  2275.149902   0.077342
  2280.149902   0.068144
  2285.159912   0.060626
  2290.169922   0.052074
  2295.179932   0.041877
  2300.189941   0.034794
  2305.199951   0.029255
  2310.209961   0.027381
  2315.219971   0.025107
  2320.219971   0.029780
  2325.229980   0.039169
  2330.239990   0.041687
  2335.250000   0.037857
  2340.260010   0.028720
  2345.270020   0.024698
  2350.280029   0.018229
  2355.280029   0.021882
  2360.290039   0.028094
  2365.300049   0.025623
  2370.310059   0.018096
  2375.320068   0.020419
  2380.330078   0.017572
  2385.340088   0.014972
  2390.350098   0.017643
  2395.350098   0.019024
  2400.360107   0.019950
  2405.370117   0.015470
  2410.379883   0.014082
  2415.389893   0.010030
  2420.399902   0.012004
  2425.409912   0.016033
  2430.409912   0.017765
  2435.419922   0.010512
  2440.429932   0.016699
  2445.439941   0.008989
  2450.449951   0.006039
  2455.459961   0.012129
  2460.469971   0.013995
  2465.479980   0.010113
  2470.479980   0.007365
  2475.489990   0.006917
  2480.500000   0.004274
  2485.510010   0.003078
  2490.520020   0.003244
  2495.530029   0.004089
  2500.540039   0.005517
