   376.859985   1.640667
   381.869995   1.359578
   386.880005   1.284015
   391.890015   1.372869
   396.890015   1.532824
   401.899994   2.116941
   406.910004   2.201041
   411.920013   2.399987
   416.929993   2.516836
   421.940002   2.554631
   426.950012   2.484058
   431.959991   2.538779
   436.959991   2.980780
   441.970001   3.290259
   446.980011   3.624432
   451.989990   3.874423
   457.000000   4.004325
   462.010010   4.133084
   467.019989   4.162917
   472.019989   4.256782
   477.029999   4.424570
   482.040009   4.551921
   487.049988   4.368151
   492.059998   4.623212
   497.070007   4.798140
   502.079987   4.795269
   507.089996   4.989314
   512.090027   5.054965
   517.099976   4.907895
   522.109985   5.236510
   527.119995   5.380964
   532.130005   5.615361
   537.140015   5.715079
   542.150024   5.726840
   547.150024   5.907563
   552.159973   6.015778
   557.169983   6.021730
   562.179993   6.030936
   567.190002   6.023454
   572.200012   6.068341
   577.210022   6.133863
   582.219971   6.302609
   587.219971   6.140543
   592.229980   5.977914
   597.239990   6.198193
   602.250000   6.307206
   607.260010   6.360243
   612.270020   6.313084
   617.280029   6.286626
   622.280029   6.252217
   627.289978   6.095900
   632.299988   6.092601
   637.309998   6.220186
   642.320007   6.208205
   647.330017   6.009739
   652.340027   5.943805
   657.349976   5.846432
   662.349976   6.222279
   667.359985   6.240552
   672.369995   6.220859
   677.380005   6.167565
   682.390015   6.047487
   687.400024   5.220881
   692.409973   5.225609
   697.409973   5.465227
   702.419983   5.463844
   707.429993   5.650474
   712.440002   5.651434
   717.450012   4.634453
   722.460022   4.381355
   727.469971   4.303233
   732.479980   4.857423
   737.479980   5.360225
   742.489990   5.583955
   747.500000   5.714381
   752.510010   5.660005
   757.520020   4.865098
   762.530029   2.648367
   767.539978   4.407937
   772.539978   5.462800
   777.549988   5.542513
   782.559998   5.559383
   787.570007   5.345112
   792.580017   5.185023
   797.590027   5.158874
   802.599976   5.057971
   807.609985   5.063551
   812.609985   4.377277
   817.619995   3.678422
   822.630005   3.865176
   827.640015   4.102076
   832.650024   4.232485
   837.659973   4.616825
   842.669983   4.793673
   847.669983   4.764698
   852.679993   4.566611
   857.690002   4.706993
   862.700012   4.682641
   867.710022   4.508235
   872.719971   4.588985
   877.729980   4.540738
   882.739990   4.480782
   887.739990   4.423210
   892.750000   4.026160
   897.760010   3.041901
   902.770020   3.048551
   907.780029   2.916885
   912.789978   2.647863
   917.799988   2.769480
   922.809998   3.061461
   927.809998   2.332606
   932.820007   0.923556
   937.830017   0.835893
   942.840027   1.031377
   947.849976   1.004395
   952.859985   1.113048
   957.869995   1.331045
   962.869995   1.702158
   967.880005   2.413612
   972.890015   2.715215
   977.900024   2.736704
   982.909973   3.178980
   987.919983   3.521486
   992.929993   3.630500
   997.940002   3.671975
  1002.940002   3.583057
  1007.950012   3.564338
  1012.960022   3.575921
  1017.969971   3.572242
  1022.979980   3.529041
  1027.989990   3.533779
  1033.000000   3.474652
  1038.000000   3.440693
  1043.010010   3.419858
  1048.020020   3.366927
  1053.030029   3.339510
  1058.040039   3.249596
  1063.050049   3.189357
  1068.060059   3.115676
  1073.069946   3.102002
  1078.069946   3.055058
  1083.079956   2.963394
  1088.089966   2.844504
  1093.099976   2.660163
  1098.109985   2.385006
  1103.119995   2.080563
  1108.130005   1.815570
  1113.130005   1.187358
  1118.140015   0.495659
  1123.150024   0.279009
  1128.160034   0.299633
  1133.170044   0.399059
  1138.180054   0.627533
  1143.189941   0.569834
  1148.199951   0.481617
  1153.199951   0.690305
  1158.209961   1.123229
  1163.219971   1.572460
  1168.229980   1.836852
  1173.239990   1.961663
  1178.250000   1.993521
  1183.260010   1.899976
  1188.260010   1.954436
  1193.270020   2.147307
  1198.280029   2.041369
  1203.290039   2.007523
  1208.300049   2.108127
  1213.310059   2.150425
  1218.319946   2.294416
  1223.329956   2.308365
  1228.329956   2.389618
  1233.339966   2.467652
  1238.349976   2.503147
  1243.359985   2.476854
  1248.369995   2.444553
  1253.380005   2.372307
  1258.390015   2.237548
  1263.390015   1.986094
  1268.400024   1.841929
  1273.410034   2.092429
  1278.420044   2.199502
  1283.430054   2.231659
  1288.439941   2.259354
  1293.449951   2.189195
  1298.459961   2.053633
  1303.459961   1.903290
  1308.469971   1.720307
  1313.479980   1.506293
  1318.489990   1.401917
  1323.500000   1.290646
  1328.510010   0.946416
  1333.520020   0.690732
  1338.520020   0.744968
  1343.530029   0.462806
  1348.540039   0.082128
  1353.550049   0.000890
  1358.560059  -0.002502
  1363.569946  -0.000132
  1368.579956   0.002395
  1373.589966   0.004433
  1378.589966   0.006507
  1383.599976   0.008714
  1388.609985   0.008638
  1393.619995   0.008789
  1398.630005   0.009491
  1403.640015   0.010516
  1408.650024   0.010582
  1413.650024   0.015772
  1418.660034   0.017868
  1423.670044   0.032581
  1428.680054   0.062871
  1433.689941   0.053864
  1438.699951   0.051906
  1443.709961   0.070354
  1448.719971   0.131228
  1453.719971   0.220067
  1458.729980   0.341162
  1463.739990   0.288247
  1468.750000   0.143959
  1473.760010   0.239886
  1478.770020   0.258712
  1483.780029   0.361560
  1488.780029   0.527725
  1493.790039   0.807991
  1498.800049   1.073651
  1503.810059   1.076677
  1508.819946   1.307653
  1513.829956   1.407725
  1518.839966   1.459854
  1523.849976   1.588369
  1528.849976   1.603483
  1533.859985   1.665213
  1538.869995   1.656789
  1543.880005   1.688330
  1548.890015   1.708266
  1553.900024   1.691765
  1558.910034   1.679388
  1563.910034   1.656925
  1568.920044   1.549156
  1573.930054   1.449836
  1578.939941   1.470822
  1583.949951   1.557154
  1588.959961   1.544378
  1593.969971   1.565099
  1598.979980   1.493566
  1603.979980   1.438150
  1608.989990   1.429769
  1614.000000   1.489580
  1619.010010   1.526125
  1624.020020   1.541087
  1629.030029   1.551506
  1634.040039   1.507410
  1639.040039   1.433580
  1644.050049   1.427532
  1649.060059   1.425390
  1654.069946   1.417409
  1659.079956   1.459159
  1664.089966   1.387957
  1669.099976   1.380303
  1674.109985   1.387982
  1679.109985   1.361195
  1684.119995   1.351105
  1689.130005   1.323613
  1694.140015   1.307086
  1699.150024   1.280822
  1704.160034   1.265916
  1709.170044   1.191906
  1714.170044   1.198794
  1719.180054   1.196819
  1724.189941   1.065357
  1729.199951   1.103961
  1734.209961   1.007849
  1739.219971   0.986826
  1744.229980   0.958403
  1749.239990   0.958135
  1754.239990   0.929787
  1759.250000   0.909390
  1764.260010   0.778493
  1769.270020   0.737133
  1774.280029   0.602130
  1779.290039   0.490976
  1784.300049   0.394402
  1789.300049   0.385989
  1794.310059   0.168365
  1799.319946   0.132495
  1804.329956   0.036399
  1809.339966   0.018552
  1814.349976   0.004851
  1819.359985   0.001748
  1824.369995   0.002572
  1829.369995   0.002596
  1834.380005   0.003178
  1839.390015   0.003836
  1844.400024   0.004065
  1849.410034   0.004344
  1854.420044   0.004719
  1859.430054   0.004433
  1864.439941   0.004667
  1869.439941   0.004598
  1874.449951   0.004759
  1879.459961   0.004666
  1884.469971   0.004334
  1889.479980   0.004230
  1894.489990   0.004003
  1899.500000   0.004017
  1904.500000   0.004229
  1909.510010   0.003152
  1914.520020   0.003585
  1919.530029   0.003074
  1924.540039   0.003085
  1929.550049   0.002802
  1934.560059   0.003143
  1939.569946   0.009168
  1944.569946   0.016708
  1949.579956   0.024873
  1954.589966   0.019666
  1959.599976   0.035926
  1964.609985   0.098280
  1969.619995   0.204244
  1974.630005   0.270332
  1979.630005   0.345423
  1984.640015   0.428859
  1989.650024   0.413480
  1994.660034   0.370592
  1999.670044   0.132906
  2004.680054   0.050294
  2009.689941   0.109134
  2014.699951   0.085250
  2019.699951   0.168696
  2024.709961   0.348452
  2029.719971   0.470443
  2034.729980   0.579047
  2039.739990   0.556901
  2044.750000   0.533176
  2049.760010   0.406496
  2054.760010   0.298144
  2059.770020   0.365844
  2064.780029   0.344157
  2069.790039   0.365783
  2074.800049   0.450390
  2079.810059   0.539840
  2084.820068   0.547830
  2089.830078   0.568673
  2094.830078   0.573861
  2099.840088   0.560991
  2104.850098   0.589249
  2109.860107   0.582619
  2114.870117   0.574809
  2119.879883   0.561408
  2124.889893   0.570229
  2129.889893   0.588157
  2134.899902   0.588820
  2139.909912   0.588703
  2144.919922   0.579621
  2149.929932   0.527573
  2154.939941   0.520852
  2159.949951   0.512721
  2164.959961   0.477812
  2169.959961   0.499147
  2174.969971   0.491453
  2179.979980   0.484108
  2184.989990   0.441116
  2190.000000   0.472048
  2195.010010   0.453268
  2200.020020   0.410066
  2205.020020   0.420863
  2210.030029   0.457240
  2215.040039   0.455664
  2220.050049   0.464685
  2225.060059   0.458549
  2230.070068   0.459995
  2235.080078   0.447040
  2240.090088   0.438486
  2245.090088   0.421185
  2250.100098   0.418175
  2255.110107   0.406706
  2260.120117   0.392414
  2265.129883   0.384619
  2270.139893   0.382741
  2275.149902   0.379953
  2280.149902   0.374181
  2285.159912   0.365519
  2290.169922   0.345430
  2295.179932   0.318023
  2300.189941   0.321140
  2305.199951   0.328844
  2310.209961   0.351861
  2315.219971   0.305202
  2320.219971   0.259493
  2325.229980   0.291544
  2330.239990   0.300284
  2335.250000   0.284394
  2340.260010   0.231932
  2345.270020   0.232377
  2350.280029   0.190150
  2355.280029   0.215003
  2360.290039   0.249101
  2365.300049   0.229788
  2370.310059   0.163906
  2375.320068   0.180397
  2380.330078   0.158932
  2385.340088   0.135138
  2390.350098   0.161865
  2395.350098   0.174602
  2400.360107   0.182195
  2405.370117   0.136113
  2410.379883   0.121134
  2415.389893   0.078715
  2420.399902   0.098757
  2425.409912   0.132994
  2430.409912   0.147783
  2435.419922   0.078777
  2440.429932   0.133933
  2445.439941   0.065298
  2450.449951   0.034507
  2455.459961   0.081768
  2460.469971   0.093205
  2465.479980   0.063128
  2470.479980   0.040196
  2475.489990   0.032258
  2480.500000   0.014830
  2485.510010   0.005931
  2490.520020   0.004307
  2495.530029   0.006975
  2500.540039   0.012116
