   376.859985   1.143917
   381.869995   0.898801
   386.880005   0.812742
   391.890015   0.846284
   396.890015   0.917859
   401.899994   1.214872
   406.910004   1.228131
   411.920013   1.321423
   416.929993   1.360702
   421.940002   1.343740
   426.950012   1.273588
   431.959991   1.262410
   436.959991   1.427221
   441.970001   1.509938
   446.980011   1.599093
   451.989990   1.670092
   457.000000   1.677838
   462.010010   1.692115
   467.019989   1.665741
   472.019989   1.671385
   477.029999   1.692504
   482.040009   1.705204
   487.049988   1.602528
   492.059998   1.652884
   497.070007   1.669649
   502.079987   1.654546
   507.089996   1.720646
   512.090027   1.800785
   517.099976   1.835758
   522.109985   2.087305
   527.119995   2.296965
   532.130005   2.512046
   537.140015   2.621253
   542.150024   2.650845
   547.150024   2.723695
   552.159973   2.773930
   557.169983   2.717709
   562.179993   2.623003
   567.190002   2.486632
   572.200012   2.328906
   577.210022   2.212816
   582.219971   2.164916
   587.219971   2.028927
   592.229980   1.926505
   597.239990   1.957052
   602.250000   1.968407
   607.260010   1.948257
   612.270020   1.858078
   617.280029   1.783306
   622.280029   1.753512
   627.289978   1.690754
   632.299988   1.678575
   637.309998   1.689034
   642.320007   1.632406
   647.330017   1.525504
   652.340027   1.465294
   657.349976   1.397035
   662.349976   1.420263
   667.359985   1.373411
   672.369995   1.340035
   677.380005   1.297286
   682.390015   1.299733
   687.400024   1.226079
   692.409973   1.433765
   697.409973   1.893774
   702.419983   2.467415
   707.429993   3.235699
   712.440002   3.962842
   717.450012   3.920306
   722.460022   4.543047
   727.469971   5.258142
   732.479980   6.722077
   737.479980   8.177136
   742.489990   9.174720
   747.500000   9.851808
   752.510010  10.080301
   757.520020   8.722238
   762.530029   4.822851
   767.539978   8.162793
   772.539978  10.178998
   777.549988  10.367430
   782.559998  10.314768
   787.570007  10.013426
   792.580017   9.663845
   797.590027   9.651620
   802.599976   9.529767
   807.609985   9.506472
   812.609985   8.243781
   817.619995   6.991206
   822.630005   7.374272
   827.640015   7.812739
   832.650024   8.112885
   837.659973   8.896671
   842.669983   9.342498
   847.669983   9.352753
   852.679993   8.929187
   857.690002   9.177401
   862.700012   9.361026
   867.710022   9.034841
   872.719971   9.263337
   877.729980   9.177933
   882.739990   9.116392
   887.739990   8.977819
   892.750000   8.200770
   897.760010   6.193464
   902.770020   6.212929
   907.780029   5.982605
   912.789978   5.402942
   917.799988   5.683146
   922.809998   6.280372
   927.809998   4.757458
   932.820007   1.820885
   937.830017   1.604498
   942.840027   2.007411
   947.849976   1.934976
   952.859985   2.155063
   957.869995   2.560796
   962.869995   3.282962
   967.880005   4.732483
   972.890015   5.308532
   977.900024   5.329638
   982.909973   6.210705
   987.919983   6.936266
   992.929993   7.214468
   997.940002   7.307991
  1002.940002   7.153385
  1007.950012   7.143386
  1012.960022   7.236099
  1017.969971   7.219043
  1022.979980   7.183645
  1027.989990   7.181915
  1033.000000   7.134790
  1038.000000   7.102356
  1043.010010   7.066799
  1048.020020   6.998831
  1053.030029   6.928770
  1058.040039   6.772808
  1063.050049   6.668164
  1068.060059   6.502854
  1073.069946   6.475056
  1078.069946   6.389482
  1083.079956   6.125133
  1088.089966   5.944999
  1093.099976   5.563060
  1098.109985   4.921416
  1103.119995   4.283497
  1108.130005   3.693603
  1113.130005   2.410004
  1118.140015   0.947749
  1123.150024   0.505691
  1128.160034   0.546170
  1133.170044   0.735913
  1138.180054   1.169064
  1143.189941   1.025273
  1148.199951   0.834987
  1153.199951   1.189311
  1158.209961   1.947065
  1163.219971   2.746777
  1168.229980   3.210190
  1173.239990   3.428635
  1178.250000   3.481279
  1183.260010   3.281313
  1188.260010   3.376472
  1193.270020   3.697290
  1198.280029   3.500450
  1203.290039   3.442590
  1208.300049   3.621876
  1213.310059   3.683797
  1218.319946   3.935239
  1223.329956   4.016494
  1228.329956   4.148939
  1233.339966   4.308610
  1238.349976   4.372440
  1243.359985   4.334679
  1248.369995   4.294180
  1253.380005   4.189164
  1258.390015   3.924318
  1263.390015   3.485161
  1268.400024   3.220003
  1273.410034   3.647713
  1278.420044   3.831830
  1283.430054   3.860590
  1288.439941   3.886075
  1293.449951   3.733801
  1298.459961   3.466700
  1303.459961   3.181385
  1308.469971   2.830129
  1313.479980   2.436295
  1318.489990   2.215059
  1323.500000   1.964749
  1328.510010   1.395046
  1333.520020   0.981862
  1338.520020   1.029530
  1343.530029   0.613481
  1348.540039   0.102193
  1353.550049  -0.008462
  1358.560059  -0.010718
  1363.569946  -0.006970
  1368.579956  -0.002846
  1373.589966   0.000743
  1378.589966   0.003239
  1383.599976   0.005206
  1388.609985   0.006692
  1393.619995   0.007581
  1398.630005   0.008027
  1403.640015   0.008450
  1408.650024   0.008681
  1413.650024   0.011656
  1418.660034   0.012152
  1423.670044   0.018100
  1428.680054   0.029007
  1433.689941   0.025582
  1438.699951   0.023907
  1443.709961   0.030859
  1448.719971   0.053981
  1453.719971   0.087111
  1458.729980   0.132950
  1463.739990   0.112985
  1468.750000   0.059059
  1473.760010   0.097628
  1478.770020   0.108992
  1483.780029   0.156930
  1488.780029   0.238611
  1493.790039   0.379573
  1498.800049   0.523955
  1503.810059   0.546857
  1508.819946   0.683705
  1513.829956   0.761769
  1518.839966   0.825996
  1523.849976   0.929276
  1528.849976   0.972976
  1533.859985   1.040465
  1538.869995   1.081067
  1543.880005   1.126703
  1548.890015   1.165804
  1553.900024   1.187029
  1558.910034   1.210961
  1563.910034   1.217041
  1568.920044   1.159224
  1573.930054   1.103654
  1578.939941   1.140002
  1583.949951   1.229098
  1588.959961   1.243512
  1593.969971   1.288779
  1598.979980   1.237958
  1603.979980   1.206065
  1608.989990   1.221246
  1614.000000   1.287527
  1619.010010   1.332081
  1624.020020   1.364908
  1629.030029   1.377276
  1634.040039   1.356559
  1639.040039   1.301417
  1644.050049   1.298580
  1649.060059   1.304000
  1654.069946   1.305814
  1659.079956   1.332888
  1664.089966   1.268345
  1669.099976   1.263665
  1674.109985   1.267091
  1679.109985   1.240686
  1684.119995   1.228771
  1689.130005   1.191053
  1694.140015   1.162522
  1699.150024   1.122991
  1704.160034   1.106319
  1709.170044   1.034312
  1714.170044   1.025367
  1719.180054   1.012733
  1724.189941   0.892007
  1729.199951   0.909209
  1734.209961   0.820114
  1739.219971   0.802753
  1744.229980   0.764441
  1749.239990   0.753270
  1754.239990   0.720344
  1759.250000   0.691486
  1764.260010   0.582482
  1769.270020   0.540939
  1774.280029   0.439809
  1779.290039   0.353700
  1784.300049   0.282642
  1789.300049   0.273275
  1794.310059   0.117587
  1799.319946   0.090480
  1804.329956   0.024468
  1809.339966   0.012316
  1814.349976   0.003019
  1819.359985   0.001251
  1824.369995   0.001853
  1829.369995   0.001886
  1834.380005   0.002517
  1839.390015   0.002763
  1844.400024   0.003039
  1849.410034   0.003171
  1854.420044   0.003201
  1859.430054   0.003296
  1864.439941   0.003151
  1869.439941   0.003266
  1874.449951   0.003109
  1879.459961   0.003010
  1884.469971   0.003015
  1889.479980   0.002868
  1894.489990   0.002849
  1899.500000   0.002809
  1904.500000   0.002778
  1909.510010   0.002621
  1914.520020   0.002576
  1919.530029   0.002449
  1924.540039   0.002423
  1929.550049   0.002367
  1934.560059   0.002485
  1939.569946   0.003038
  1944.569946   0.003729
  1949.579956   0.004700
  1954.589966   0.004048
  1959.599976   0.006527
  1964.609985   0.015315
  1969.619995   0.030853
  1974.630005   0.042076
  1979.630005   0.054775
  1984.640015   0.069804
  1989.650024   0.070352
  1994.660034   0.064806
  1999.670044   0.025170
  2004.680054   0.010998
  2009.689941   0.022381
  2014.699951   0.018733
  2019.699951   0.036722
  2024.709961   0.077257
  2029.719971   0.106146
  2034.729980   0.133102
  2039.739990   0.130371
  2044.750000   0.127910
  2049.760010   0.100218
  2054.760010   0.075433
  2059.770020   0.094935
  2064.780029   0.091270
  2069.790039   0.099963
  2074.800049   0.125420
  2079.810059   0.153553
  2084.820068   0.159369
  2089.830078   0.169972
  2094.830078   0.176371
  2099.840088   0.176197
  2104.850098   0.189011
  2109.860107   0.190422
  2114.870117   0.192534
  2119.879883   0.190391
  2124.889893   0.197282
  2129.889893   0.206912
  2134.899902   0.211178
  2139.909912   0.214091
  2144.919922   0.212698
  2149.929932   0.197758
  2154.939941   0.197672
  2159.949951   0.196955
  2164.959961   0.186688
  2169.959961   0.198181
  2174.969971   0.198320
  2179.979980   0.198556
  2184.989990   0.183787
  2190.000000   0.199997
  2195.010010   0.194837
  2200.020020   0.179980
  2205.020020   0.188012
  2210.030029   0.204650
  2215.040039   0.202663
  2220.050049   0.204463
  2225.060059   0.200062
  2230.070068   0.198784
  2235.080078   0.190509
  2240.090088   0.183868
  2245.090088   0.174073
  2250.100098   0.169610
  2255.110107   0.160278
  2260.120117   0.152165
  2265.129883   0.145564
  2270.139893   0.140806
  2275.149902   0.137575
  2280.149902   0.134661
  2285.159912   0.129642
  2290.169922   0.121052
  2295.179932   0.109586
  2300.189941   0.108793
  2305.199951   0.108755
  2310.209961   0.113031
  2315.219971   0.097705
  2320.219971   0.083212
  2325.229980   0.092069
  2330.239990   0.093626
  2335.250000   0.087362
  2340.260010   0.069905
  2345.270020   0.068167
  2350.280029   0.054581
  2355.280029   0.060445
  2360.290039   0.068900
  2365.300049   0.062038
  2370.310059   0.043521
  2375.320068   0.047013
  2380.330078   0.040623
  2385.340088   0.034132
  2390.350098   0.039742
  2395.350098   0.041926
  2400.360107   0.042458
  2405.370117   0.031505
  2410.379883   0.027530
  2415.389893   0.017796
  2420.399902   0.021382
  2425.409912   0.027785
  2430.409912   0.030069
  2435.419922   0.016152
  2440.429932   0.025787
  2445.439941   0.013123
  2450.449951   0.007674
  2455.459961   0.015198
  2460.469971   0.016879
  2465.479980   0.011581
  2470.479980   0.008351
  2475.489990   0.007158
  2480.500000   0.004946
  2485.510010   0.003825
  2490.520020   0.004113
  2495.530029   0.005172
  2500.540039   0.006851
