   376.859985   2.008231
   381.869995   1.735925
   386.880005   1.719788
   391.890015   1.923027
   396.890015   2.195649
   401.899994   3.131019
   406.910004   3.278629
   411.920013   3.633013
   416.929993   3.837601
   421.940002   3.927372
   426.950012   3.822098
   431.959991   3.911926
   436.959991   4.643855
   441.970001   5.126054
   446.980011   5.631761
   451.989990   6.081661
   457.000000   6.256422
   462.010010   6.476551
   467.019989   6.518825
   472.019989   6.699352
   477.029999   6.980709
   482.040009   7.186459
   487.049988   6.898546
   492.059998   7.280163
   497.070007   7.529289
   502.079987   7.474225
   507.089996   7.765347
   512.090027   7.928613
   517.099976   7.690418
   522.109985   8.169790
   527.119995   8.462063
   532.130005   8.878197
   537.140015   9.014320
   542.150024   9.070741
   547.150024   9.304108
   552.159973   9.516182
   557.169983   9.532464
   562.179993   9.597964
   567.190002   9.607655
   572.200012   9.628329
   577.210022   9.752763
   582.219971  10.021274
   587.219971   9.741941
   592.229980   9.494735
   597.239990   9.807888
   602.250000  10.045562
   607.260010  10.171012
   612.270020  10.006863
   617.280029   9.907607
   622.280029   9.977045
   627.289978   9.679596
   632.299988   9.678014
   637.309998   9.908223
   642.320007   9.845354
   647.330017   9.558899
   652.340027   9.416284
   657.349976   9.199170
   662.349976   9.822248
   667.359985   9.915908
   672.369995   9.836164
   677.380005   9.826733
   682.390015   9.664137
   687.400024   8.333136
   692.409973   8.335979
   697.409973   8.728358
   702.419983   8.710033
   707.429993   8.979643
   712.440002   8.964425
   717.450012   7.265874
   722.460022   6.897555
   727.469971   6.822349
   732.479980   7.638704
   737.479980   8.473958
   742.489990   8.841507
   747.500000   8.990666
   752.510010   8.908137
   757.520020   7.543161
   762.530029   4.067740
   767.539978   6.809642
   772.539978   8.476687
   777.549988   8.580174
   782.559998   8.542593
   787.570007   8.209961
   792.580017   7.897202
   797.590027   7.814911
   802.599976   7.660465
   807.609985   7.639082
   812.609985   6.562489
   817.619995   5.515921
   822.630005   5.792454
   827.640015   6.119839
   832.650024   6.296279
   837.659973   6.871969
   842.669983   7.135817
   847.669983   7.157671
   852.679993   6.791865
   857.690002   6.925417
   862.700012   6.998126
   867.710022   6.732363
   872.719971   6.866917
   877.729980   6.779454
   882.739990   6.695379
   887.739990   6.584042
   892.750000   5.985157
   897.760010   4.487411
   902.770020   4.485091
   907.780029   4.304924
   912.789978   3.875833
   917.799988   4.057679
   922.809998   4.494777
   927.809998   3.394496
   932.820007   1.301618
   937.830017   1.127371
   942.840027   1.434437
   947.849976   1.382773
   952.859985   1.556809
   957.869995   1.860110
   962.869995   2.401764
   967.880005   3.462390
   972.890015   3.897811
   977.900024   3.904734
   982.909973   4.544191
   987.919983   5.085246
   992.929993   5.221283
   997.940002   5.269266
  1002.940002   5.124884
  1007.950012   5.094471
  1012.960022   5.125946
  1017.969971   5.083019
  1022.979980   5.018887
  1027.989990   4.989980
  1033.000000   4.925871
  1038.000000   4.880476
  1043.010010   4.841599
  1048.020020   4.765244
  1053.030029   4.703081
  1058.040039   4.605026
  1063.050049   4.501282
  1068.060059   4.386728
  1073.069946   4.340337
  1078.069946   4.282629
  1083.079956   4.096214
  1088.089966   3.983299
  1093.099976   3.737747
  1098.109985   3.306641
  1103.119995   2.865408
  1108.130005   2.483078
  1113.130005   1.623135
  1118.140015   0.635926
  1123.150024   0.342176
  1128.160034   0.369448
  1133.170044   0.505156
  1138.180054   0.818753
  1143.189941   0.736893
  1148.199951   0.613258
  1153.199951   0.895941
  1158.209961   1.485071
  1163.219971   2.111716
  1168.229980   2.471944
  1173.239990   2.657927
  1178.250000   2.702425
  1183.260010   2.552636
  1188.260010   2.627530
  1193.270020   2.883995
  1198.280029   2.733952
  1203.290039   2.691856
  1208.300049   2.819202
  1213.310059   2.855424
  1218.319946   3.032774
  1223.329956   3.077527
  1228.329956   3.163563
  1233.339966   3.276313
  1238.349976   3.306071
  1243.359985   3.278554
  1248.369995   3.232037
  1253.380005   3.126442
  1258.390015   2.931022
  1263.390015   2.595816
  1268.400024   2.392488
  1273.410034   2.702519
  1278.420044   2.852866
  1283.430054   2.883710
  1288.439941   2.915421
  1293.449951   2.813434
  1298.459961   2.641493
  1303.459961   2.446871
  1308.469971   2.201887
  1313.479980   1.919808
  1318.489990   1.783870
  1323.500000   1.617138
  1328.510010   1.174266
  1333.520020   0.849757
  1338.520020   0.916803
  1343.530029   0.560027
  1348.540039   0.098039
  1353.550049  -0.006144
  1358.560059  -0.008764
  1363.569946  -0.005558
  1368.579956  -0.002098
  1373.589966   0.000684
  1378.589966   0.002808
  1383.599976   0.004275
  1388.609985   0.005507
  1393.619995   0.006859
  1398.630005   0.006525
  1403.640015   0.007109
  1408.650024   0.006964
  1413.650024   0.014485
  1418.660034   0.015460
  1423.670044   0.032151
  1428.680054   0.064206
  1433.689941   0.055784
  1438.699951   0.052319
  1443.709961   0.073667
  1448.719971   0.143683
  1453.719971   0.243515
  1458.729980   0.384315
  1463.739990   0.325137
  1468.750000   0.159328
  1473.760010   0.262905
  1478.770020   0.289244
  1483.780029   0.410269
  1488.780029   0.603635
  1493.790039   0.935117
  1498.800049   1.249555
  1503.810059   1.259079
  1508.819946   1.512847
  1513.829956   1.628580
  1518.839966   1.701519
  1523.849976   1.856129
  1528.849976   1.878748
  1533.859985   1.953664
  1538.869995   1.974349
  1543.880005   1.991510
  1548.890015   2.005049
  1553.900024   1.987333
  1558.910034   1.983775
  1563.910034   1.945476
  1568.920044   1.818843
  1573.930054   1.700604
  1578.939941   1.715936
  1583.949951   1.822955
  1588.959961   1.822529
  1593.969971   1.855436
  1598.979980   1.756198
  1603.979980   1.684362
  1608.989990   1.684628
  1614.000000   1.757902
  1619.010010   1.785107
  1624.020020   1.812208
  1629.030029   1.818492
  1634.040039   1.774774
  1639.040039   1.681344
  1644.050049   1.671994
  1649.060059   1.667848
  1654.069946   1.659307
  1659.079956   1.694421
  1664.089966   1.618727
  1669.099976   1.614205
  1674.109985   1.619719
  1679.109985   1.592498
  1684.119995   1.584528
  1689.130005   1.553638
  1694.140015   1.527404
  1699.150024   1.482774
  1704.160034   1.472365
  1709.170044   1.388033
  1714.170044   1.391372
  1719.180054   1.393958
  1724.189941   1.240118
  1729.199951   1.279865
  1734.209961   1.160725
  1739.219971   1.145830
  1744.229980   1.105278
  1749.239990   1.103621
  1754.239990   1.073233
  1759.250000   1.050115
  1764.260010   0.896415
  1769.270020   0.843999
  1774.280029   0.694344
  1779.290039   0.559640
  1784.300049   0.452238
  1789.300049   0.438637
  1794.310059   0.188026
  1799.319946   0.143794
  1804.329956   0.036104
  1809.339966   0.017154
  1814.349976   0.002114
  1819.359985  -0.000730
  1824.369995   0.000080
  1829.369995   0.000742
  1834.380005   0.001613
  1839.390015   0.001927
  1844.400024   0.002280
  1849.410034   0.003247
  1854.420044   0.002907
  1859.430054   0.003512
  1864.439941   0.003580
  1869.439941   0.003202
  1874.449951   0.003590
  1879.459961   0.002557
  1884.469971   0.002927
  1889.479980   0.002792
  1894.489990   0.002837
  1899.500000   0.002524
  1904.500000   0.003251
  1909.510010   0.001752
  1914.520020   0.002735
  1919.530029   0.001226
  1924.540039   0.001546
  1929.550049   0.000798
  1934.560059   0.002172
  1939.569946   0.007615
  1944.569946   0.015759
  1949.579956   0.024013
  1954.589966   0.018725
  1959.599976   0.036120
  1964.609985   0.102870
  1969.619995   0.223950
  1974.630005   0.298425
  1979.630005   0.380043
  1984.640015   0.473506
  1989.650024   0.456225
  1994.660034   0.409324
  1999.670044   0.146621
  2004.680054   0.052103
  2009.689941   0.117611
  2014.699951   0.090915
  2019.699951   0.182040
  2024.709961   0.392128
  2029.719971   0.527826
  2034.729980   0.652576
  2039.739990   0.628197
  2044.750000   0.603142
  2049.760010   0.460994
  2054.760010   0.335915
  2059.770020   0.418214
  2064.780029   0.389759
  2069.790039   0.415504
  2074.800049   0.514386
  2079.810059   0.614745
  2084.820068   0.624502
  2089.830078   0.656170
  2094.830078   0.664697
  2099.840088   0.648351
  2104.850098   0.678016
  2109.860107   0.672110
  2114.870117   0.664320
  2119.879883   0.645808
  2124.889893   0.656232
  2129.889893   0.677259
  2134.899902   0.681187
  2139.909912   0.679546
  2144.919922   0.665413
  2149.929932   0.607334
  2154.939941   0.598995
  2159.949951   0.590622
  2164.959961   0.552073
  2169.959961   0.577200
  2174.969971   0.569897
  2179.979980   0.561099
  2184.989990   0.509858
  2190.000000   0.545816
  2195.010010   0.523365
  2200.020020   0.478273
  2205.020020   0.494350
  2210.030029   0.538847
  2215.040039   0.532672
  2220.050049   0.537696
  2225.060059   0.526971
  2230.070068   0.529669
  2235.080078   0.515366
  2240.090088   0.504286
  2245.090088   0.483842
  2250.100098   0.478162
  2255.110107   0.460355
  2260.120117   0.446023
  2265.129883   0.433099
  2270.139893   0.428215
  2275.149902   0.426057
  2280.149902   0.419118
  2285.159912   0.408728
  2290.169922   0.385061
  2295.179932   0.353900
  2300.189941   0.358173
  2305.199951   0.366881
  2310.209961   0.391587
  2315.219971   0.343126
  2320.219971   0.289035
  2325.229980   0.322935
  2330.239990   0.332239
  2335.250000   0.313057
  2340.260010   0.253840
  2345.270020   0.254530
  2350.280029   0.206363
  2355.280029   0.236370
  2360.290039   0.279233
  2365.300049   0.258814
  2370.310059   0.183768
  2375.320068   0.206819
  2380.330078   0.181329
  2385.340088   0.154428
  2390.350098   0.184873
  2395.350098   0.200086
  2400.360107   0.208043
  2405.370117   0.153982
  2410.379883   0.136156
  2415.389893   0.085850
  2420.399902   0.108695
  2425.409912   0.146426
  2430.409912   0.165471
  2435.419922   0.084996
  2440.429932   0.149975
  2445.439941   0.069990
  2450.449951   0.035765
  2455.459961   0.088576
  2460.469971   0.099698
  2465.479980   0.066324
  2470.479980   0.041306
  2475.489990   0.032919
  2480.500000   0.014848
  2485.510010   0.004764
  2490.520020   0.003463
  2495.530029   0.006013
  2500.540039   0.011831
