   376.859985  1.549152
   381.869995  1.238941
   386.880005  1.160642
   391.890015  1.269568
   396.890015  1.404416
   401.899994  1.940069
   406.910004  1.990067
   411.920013  2.143455
   416.929993  2.214299
   421.940002  2.197248
   426.950012  2.098386
   431.959991  2.087778
   436.959991  2.382733
   441.970001  2.544911
   446.980011  2.736832
   451.989990  2.862484
   457.000000  2.908798
   462.010010  2.965786
   467.019989  2.959996
   472.019989  2.996558
   477.029999  3.057256
   482.040009  3.084103
   487.049988  2.940445
   492.059998  3.057390
   497.070007  3.081902
   502.079987  3.010837
   507.089996  3.059154
   512.090027  3.055068
   517.099976  2.884114
   522.109985  2.986882
   527.119995  3.024205
   532.130005  3.090493
   537.140015  3.077740
   542.150024  3.028714
   547.150024  3.071918
   552.159973  3.072192
   557.169983  3.025444
   562.179993  2.988182
   567.190002  2.956701
   572.200012  2.936385
   577.210022  2.927396
   582.219971  2.967385
   587.219971  2.870298
   592.229980  2.767398
   597.239990  2.837664
   602.250000  2.881622
   607.260010  2.898796
   612.270020  2.845159
   617.280029  2.821020
   622.280029  2.807368
   627.289978  2.728707
   632.299988  2.721532
   637.309998  2.760992
   642.320007  2.747245
   647.330017  2.666435
   652.340027  2.624576
   657.349976  2.563674
   662.349976  2.720761
   667.359985  2.723908
   672.369995  2.713609
   677.380005  2.673945
   682.390015  2.621429
   687.400024  2.282544
   692.409973  2.272225
   697.409973  2.363843
   702.419983  2.366750
   707.429993  2.456667
   712.440002  2.439814
   717.450012  1.995458
   722.460022  1.905014
   727.469971  1.885012
   732.479980  2.105228
   737.479980  2.309757
   742.489990  2.409078
   747.500000  2.464481
   752.510010  2.441446
   757.520020  2.079561
   762.530029  1.177374
   767.539978  1.911586
   772.539978  2.337048
   777.549988  2.359366
   782.559998  2.354316
   787.570007  2.261335
   792.580017  2.185350
   797.590027  2.173153
   802.599976  2.128187
   807.609985  2.128388
   812.609985  1.842214
   817.619995  1.571832
   822.630005  1.646586
   827.640015  1.728439
   832.650024  1.780623
   837.659973  1.946636
   842.669983  2.027166
   847.669983  2.016083
   852.679993  1.926300
   857.690002  1.967404
   862.700012  1.990590
   867.710022  1.903525
   872.719971  1.949779
   877.729980  1.930149
   882.739990  1.900315
   887.739990  1.872476
   892.750000  1.710660
   897.760010  1.307888
   902.770020  1.302804
   907.780029  1.251294
   912.789978  1.141467
   917.799988  1.188433
   922.809998  1.305380
   927.809998  0.994633
   932.820007  0.427087
   937.830017  0.380734
   942.840027  0.462318
   947.849976  0.447465
   952.859985  0.494418
   957.869995  0.583948
   962.869995  0.732056
   967.880005  1.036088
   972.890015  1.151675
   977.900024  1.148917
   982.909973  1.332025
   987.919983  1.461581
   992.929993  1.515778
   997.940002  1.532258
  1002.940002  1.489471
  1007.950012  1.477786
  1012.960022  1.480707
  1017.969971  1.482169
  1022.979980  1.459029
  1027.989990  1.450814
  1033.000000  1.433709
  1038.000000  1.422335
  1043.010010  1.408782
  1048.020020  1.388763
  1053.030029  1.377355
  1058.040039  1.346391
  1063.050049  1.319091
  1068.060059  1.281543
  1073.069946  1.268645
  1078.069946  1.248086
  1083.079956  1.205621
  1088.089966  1.166319
  1093.099976  1.095385
  1098.109985  0.973071
  1103.119995  0.854825
  1108.130005  0.744422
  1113.130005  0.496533
  1118.140015  0.217900
  1123.150024  0.135733
  1128.160034  0.142713
  1133.170044  0.180450
  1138.180054  0.269691
  1143.189941  0.240038
  1148.199951  0.208346
  1153.199951  0.289258
  1158.209961  0.455488
  1163.219971  0.627902
  1168.229980  0.731622
  1173.239990  0.778529
  1178.250000  0.791311
  1183.260010  0.752487
  1188.260010  0.771699
  1193.270020  0.846140
  1198.280029  0.805083
  1203.290039  0.785850
  1208.300049  0.828625
  1213.310059  0.834985
  1218.319946  0.887519
  1223.329956  0.900546
  1228.329956  0.926588
  1233.339966  0.957762
  1238.349976  0.967110
  1243.359985  0.953363
  1248.369995  0.943988
  1253.380005  0.911938
  1258.390015  0.861982
  1263.390015  0.764207
  1268.400024  0.705816
  1273.410034  0.796229
  1278.420044  0.836611
  1283.430054  0.846873
  1288.439941  0.857850
  1293.449951  0.828825
  1298.459961  0.772450
  1303.459961  0.716182
  1308.469971  0.638515
  1313.479980  0.559269
  1318.489990  0.516453
  1323.500000  0.471579
  1328.510010  0.345324
  1333.520020  0.253302
  1338.520020  0.271007
  1343.530029  0.168032
  1348.540039  0.033362
  1353.550049  0.003267
  1358.560059  0.002776
  1363.569946  0.002957
  1368.579956  0.004173
  1373.589966  0.004909
  1378.589966  0.006444
  1383.599976  0.006179
  1388.609985  0.005817
  1393.619995  0.006383
  1398.630005  0.006200
  1403.640015  0.008004
  1408.650024  0.006897
  1413.650024  0.009315
  1418.660034  0.009335
  1423.670044  0.015350
  1428.680054  0.023421
  1433.689941  0.021049
  1438.699951  0.021372
  1443.709961  0.026247
  1448.719971  0.048503
  1453.719971  0.077677
  1458.729980  0.118839
  1463.739990  0.100881
  1468.750000  0.052719
  1473.760010  0.083853
  1478.770020  0.091144
  1483.780029  0.125679
  1488.780029  0.183651
  1493.790039  0.278569
  1498.800049  0.369756
  1503.810059  0.372920
  1508.819946  0.445924
  1513.829956  0.481909
  1518.839966  0.502273
  1523.849976  0.548264
  1528.849976  0.552416
  1533.859985  0.572561
  1538.869995  0.573965
  1543.880005  0.581802
  1548.890015  0.587389
  1553.900024  0.583794
  1558.910034  0.581265
  1563.910034  0.570285
  1568.920044  0.535545
  1573.930054  0.495603
  1578.939941  0.501531
  1583.949951  0.531315
  1588.959961  0.529056
  1593.969971  0.537231
  1598.979980  0.510943
  1603.979980  0.488699
  1608.989990  0.486333
  1614.000000  0.508279
  1619.010010  0.517508
  1624.020020  0.526303
  1629.030029  0.529087
  1634.040039  0.512599
  1639.040039  0.485500
  1644.050049  0.483076
  1649.060059  0.481732
  1654.069946  0.479103
  1659.079956  0.490025
  1664.089966  0.465800
  1669.099976  0.464521
  1674.109985  0.467425
  1679.109985  0.458406
  1684.119995  0.454845
  1689.130005  0.446970
  1694.140015  0.439174
  1699.150024  0.425891
  1704.160034  0.420399
  1709.170044  0.397278
  1714.170044  0.400224
  1719.180054  0.399102
  1724.189941  0.356852
  1729.199951  0.366269
  1734.209961  0.334416
  1739.219971  0.327352
  1744.229980  0.318558
  1749.239990  0.318135
  1754.239990  0.310441
  1759.250000  0.301431
  1764.260010  0.258578
  1769.270020  0.243992
  1774.280029  0.200832
  1779.290039  0.163499
  1784.300049  0.131948
  1789.300049  0.128011
  1794.310059  0.056638
  1799.319946  0.044354
  1804.329956  0.013805
  1809.339966  0.007835
  1814.349976  0.003213
  1819.359985  0.002129
  1824.369995  0.002309
  1829.369995  0.002101
  1834.380005  0.002769
  1839.390015  0.002943
  1844.400024  0.003042
  1849.410034  0.003002
  1854.420044  0.002961
  1859.430054  0.002839
  1864.439941  0.002599
  1869.439941  0.002984
  1874.449951  0.002867
  1879.459961  0.002670
  1884.469971  0.002427
  1889.479980  0.002208
  1894.489990  0.002133
  1899.500000  0.002238
  1904.500000  0.002824
  1909.510010  0.002213
  1914.520020  0.002558
  1919.530029  0.002005
  1924.540039  0.002775
  1929.550049  0.002213
  1934.560059  0.002279
  1939.569946  0.003984
  1944.569946  0.006650
  1949.579956  0.009161
  1954.589966  0.007266
  1959.599976  0.012456
  1964.609985  0.033913
  1969.619995  0.070239
  1974.630005  0.092071
  1979.630005  0.117707
  1984.640015  0.145577
  1989.650024  0.139447
  1994.660034  0.126689
  1999.670044  0.046755
  2004.680054  0.017295
  2009.689941  0.036476
  2014.699951  0.029422
  2019.699951  0.055626
  2024.709961  0.116748
  2029.719971  0.156781
  2034.729980  0.192563
  2039.739990  0.185911
  2044.750000  0.177266
  2049.760010  0.135638
  2054.760010  0.098586
  2059.770020  0.121292
  2064.780029  0.114696
  2069.790039  0.122365
  2074.800049  0.149126
  2079.810059  0.179000
  2084.820068  0.180861
  2089.830078  0.188583
  2094.830078  0.192197
  2099.840088  0.185725
  2104.850098  0.195095
  2109.860107  0.194520
  2114.870117  0.190541
  2119.879883  0.184723
  2124.889893  0.188798
  2129.889893  0.195136
  2134.899902  0.194623
  2139.909912  0.195143
  2144.919922  0.191364
  2149.929932  0.175509
  2154.939941  0.172720
  2159.949951  0.171303
  2164.959961  0.159616
  2169.959961  0.167636
  2174.969971  0.164587
  2179.979980  0.162241
  2184.989990  0.148994
  2190.000000  0.158383
  2195.010010  0.152433
  2200.020020  0.138685
  2205.020020  0.144473
  2210.030029  0.157539
  2215.040039  0.154686
  2220.050049  0.156875
  2225.060059  0.154357
  2230.070068  0.153549
  2235.080078  0.149177
  2240.090088  0.147474
  2245.090088  0.141975
  2250.100098  0.140884
  2255.110107  0.134586
  2260.120117  0.130520
  2265.129883  0.127361
  2270.139893  0.125800
  2275.149902  0.124840
  2280.149902  0.123920
  2285.159912  0.121409
  2290.169922  0.114095
  2295.179932  0.105574
  2300.189941  0.106742
  2305.199951  0.108946
  2310.209961  0.115856
  2315.219971  0.101718
  2320.219971  0.087168
  2325.229980  0.097637
  2330.239990  0.101251
  2335.250000  0.095636
  2340.260010  0.078240
  2345.270020  0.077385
  2350.280029  0.064236
  2355.280029  0.072036
  2360.290039  0.083425
  2365.300049  0.076963
  2370.310059  0.055143
  2375.320068  0.060988
  2380.330078  0.053964
  2385.340088  0.046218
  2390.350098  0.055027
  2395.350098  0.059970
  2400.360107  0.062638
  2405.370117  0.046647
  2410.379883  0.041824
  2415.389893  0.027334
  2420.399902  0.033664
  2425.409912  0.045913
  2430.409912  0.051508
  2435.419922  0.027730
  2440.429932  0.047817
  2445.439941  0.022997
  2450.449951  0.012467
  2455.459961  0.029467
  2460.469971  0.033312
  2465.479980  0.022350
  2470.479980  0.015074
  2475.489990  0.012258
  2480.500000  0.006857
  2485.510010  0.003144
  2490.520020  0.002766
  2495.530029  0.004689
  2500.540039  0.005676
