   376.859985   1.869832
   381.869995   1.594313
   386.880005   1.474314
   391.890015   1.648213
   396.890015   1.867141
   401.899994   2.590200
   406.910004   2.691940
   411.920013   2.936744
   416.929993   3.068040
   421.940002   3.089708
   426.950012   2.983166
   431.959991   3.010742
   436.959991   3.499249
   441.970001   3.778073
   446.980011   4.086029
   451.989990   4.353085
   457.000000   4.455078
   462.010010   4.571939
   467.019989   4.611953
   472.019989   4.716794
   477.029999   4.863973
   482.040009   4.984433
   487.049988   4.728936
   492.059998   4.957901
   497.070007   5.058458
   502.079987   4.956461
   507.089996   5.069731
   512.090027   5.100275
   517.099976   4.893371
   522.109985   5.132740
   527.119995   5.218298
   532.130005   5.367696
   537.140015   5.415874
   542.150024   5.369760
   547.150024   5.475036
   552.159973   5.534772
   557.169983   5.471093
   562.179993   5.462954
   567.190002   5.453661
   572.200012   5.412782
   577.210022   5.458680
   582.219971   5.549791
   587.219971   5.365570
   592.229980   5.200918
   597.239990   5.314207
   602.250000   5.428200
   607.260010   5.514795
   612.270020   5.391221
   617.280029   5.322121
   622.280029   5.360443
   627.289978   5.199638
   632.299988   5.221359
   637.309998   5.289864
   642.320007   5.265660
   647.330017   5.099266
   652.340027   5.032655
   657.349976   4.921710
   662.349976   5.212903
   667.359985   5.243053
   672.369995   5.180237
   677.380005   5.201718
   682.390015   5.086503
   687.400024   4.403958
   692.409973   4.395989
   697.409973   4.592451
   702.419983   4.607509
   707.429993   4.750584
   712.440002   4.763264
   717.450012   3.858978
   722.460022   3.679228
   727.469971   3.641619
   732.479980   4.091952
   737.479980   4.517474
   742.489990   4.709695
   747.500000   4.820400
   752.510010   4.765524
   757.520020   4.032183
   762.530029   2.203122
   767.539978   3.701759
   772.539978   4.568509
   777.549988   4.627297
   782.559998   4.594466
   787.570007   4.453748
   792.580017   4.273355
   797.590027   4.247597
   802.599976   4.177858
   807.609985   4.155192
   812.609985   3.610953
   817.619995   3.056021
   822.630005   3.185856
   827.640015   3.381495
   832.650024   3.515365
   837.659973   3.816220
   842.669983   3.985003
   847.669983   3.961823
   852.679993   3.765665
   857.690002   3.847469
   862.700012   3.878547
   867.710022   3.762710
   872.719971   3.842887
   877.729980   3.794730
   882.739990   3.774647
   887.739990   3.691853
   892.750000   3.364226
   897.760010   2.540319
   902.770020   2.545917
   907.780029   2.449389
   912.789978   2.222850
   917.799988   2.331047
   922.809998   2.560507
   927.809998   1.953375
   932.820007   0.781598
   937.830017   0.693953
   942.840027   0.860237
   947.849976   0.826376
   952.859985   0.925838
   957.869995   1.100988
   962.869995   1.405603
   967.880005   2.005462
   972.890015   2.237505
   977.900024   2.237568
   982.909973   2.602920
   987.919983   2.876234
   992.929993   2.999136
   997.940002   3.005268
  1002.940002   2.929595
  1007.950012   2.894439
  1012.960022   2.924005
  1017.969971   2.909594
  1022.979980   2.884622
  1027.989990   2.859133
  1033.000000   2.845739
  1038.000000   2.807208
  1043.010010   2.788577
  1048.020020   2.735412
  1053.030029   2.708234
  1058.040039   2.657371
  1063.050049   2.606124
  1068.060059   2.529871
  1073.069946   2.507108
  1078.069946   2.473986
  1083.079956   2.369033
  1088.089966   2.302163
  1093.099976   2.164300
  1098.109985   1.921746
  1103.119995   1.677395
  1108.130005   1.456058
  1113.130005   0.959802
  1118.140015   0.394141
  1123.150024   0.219228
  1128.160034   0.234038
  1133.170044   0.314142
  1138.180054   0.501554
  1143.189941   0.450257
  1148.199951   0.376468
  1153.199951   0.543440
  1158.209961   0.879087
  1163.219971   1.241907
  1168.229980   1.441951
  1173.239990   1.533261
  1178.250000   1.567975
  1183.260010   1.482975
  1188.260010   1.536690
  1193.270020   1.676899
  1198.280029   1.580713
  1203.290039   1.545623
  1208.300049   1.629043
  1213.310059   1.647247
  1218.319946   1.759764
  1223.329956   1.783216
  1228.329956   1.834933
  1233.339966   1.891423
  1238.349976   1.910426
  1243.359985   1.889876
  1248.369995   1.880289
  1253.380005   1.824084
  1258.390015   1.698546
  1263.390015   1.505431
  1268.400024   1.391574
  1273.410034   1.581569
  1278.420044   1.655225
  1283.430054   1.678781
  1288.439941   1.705024
  1293.449951   1.647598
  1298.459961   1.544540
  1303.459961   1.413127
  1308.469971   1.289373
  1313.479980   1.127684
  1318.489990   1.049086
  1323.500000   0.950258
  1328.510010   0.696930
  1333.520020   0.506397
  1338.520020   0.546065
  1343.530029   0.338239
  1348.540039   0.060580
  1353.550049  -0.000725
  1358.560059  -0.004097
  1363.569946  -0.002155
  1368.579956  -0.000320
  1373.589966   0.001790
  1378.589966   0.002681
  1383.599976   0.003883
  1388.609985   0.004698
  1393.619995   0.005250
  1398.630005   0.005121
  1403.640015   0.006083
  1408.650024   0.005796
  1413.650024   0.011050
  1418.660034   0.010880
  1423.670044   0.022624
  1428.680054   0.043856
  1433.689941   0.037903
  1438.699951   0.036539
  1443.709961   0.049218
  1448.719971   0.093525
  1453.719971   0.155865
  1458.729980   0.243328
  1463.739990   0.204449
  1468.750000   0.101303
  1473.760010   0.167565
  1478.770020   0.182543
  1483.780029   0.256843
  1488.780029   0.372051
  1493.790039   0.570475
  1498.800049   0.755499
  1503.810059   0.758399
  1508.819946   0.910197
  1513.829956   0.976126
  1518.839966   1.018928
  1523.849976   1.104161
  1528.849976   1.121605
  1533.859985   1.163054
  1538.869995   1.165982
  1543.880005   1.183254
  1548.890015   1.197708
  1553.900024   1.181490
  1558.910034   1.170255
  1563.910034   1.155004
  1568.920044   1.090394
  1573.930054   1.009709
  1578.939941   1.023695
  1583.949951   1.083662
  1588.959961   1.072417
  1593.969971   1.092452
  1598.979980   1.040568
  1603.979980   0.992257
  1608.989990   0.997014
  1614.000000   1.036570
  1619.010010   1.057225
  1624.020020   1.077490
  1629.030029   1.071032
  1634.040039   1.044073
  1639.040039   0.994391
  1644.050049   0.987822
  1649.060059   0.986919
  1654.069946   0.975244
  1659.079956   1.003672
  1664.089966   0.953645
  1669.099976   0.949227
  1674.109985   0.954637
  1679.109985   0.935363
  1684.119995   0.930955
  1689.130005   0.915137
  1694.140015   0.898219
  1699.150024   0.874684
  1704.160034   0.867729
  1709.170044   0.817435
  1714.170044   0.820008
  1719.180054   0.816291
  1724.189941   0.736701
  1729.199951   0.759441
  1734.209961   0.685537
  1739.219971   0.673566
  1744.229980   0.653695
  1749.239990   0.656179
  1754.239990   0.638920
  1759.250000   0.624197
  1764.260010   0.534747
  1769.270020   0.503566
  1774.280029   0.415084
  1779.290039   0.337224
  1784.300049   0.273422
  1789.300049   0.267400
  1794.310059   0.116521
  1799.319946   0.090571
  1804.329956   0.024518
  1809.339966   0.011835
  1814.349976   0.002716
  1819.359985   0.000853
  1824.369995   0.001831
  1829.369995   0.001309
  1834.380005   0.001445
  1839.390015   0.002595
  1844.400024   0.002082
  1849.410034   0.002609
  1854.420044   0.002406
  1859.430054   0.002664
  1864.439941   0.002854
  1869.439941   0.002704
  1874.449951   0.002750
  1879.459961   0.002299
  1884.469971   0.002850
  1889.479980   0.002425
  1894.489990   0.002159
  1899.500000   0.002079
  1904.500000   0.002523
  1909.510010   0.001949
  1914.520020   0.001914
  1919.530029   0.002185
  1924.540039   0.001506
  1929.550049   0.001379
  1934.560059   0.002479
  1939.569946   0.005893
  1944.569946   0.011033
  1949.579956   0.017730
  1954.589966   0.013963
  1959.599976   0.025226
  1964.609985   0.069792
  1969.619995   0.145401
  1974.630005   0.192556
  1979.630005   0.242888
  1984.640015   0.300322
  1989.650024   0.289796
  1994.660034   0.260342
  1999.670044   0.095009
  2004.680054   0.034256
  2009.689941   0.074739
  2014.699951   0.058236
  2019.699951   0.115061
  2024.709961   0.243931
  2029.719971   0.326299
  2034.729980   0.398665
  2039.739990   0.382355
  2044.750000   0.368154
  2049.760010   0.282242
  2054.760010   0.205161
  2059.770020   0.253568
  2064.780029   0.238603
  2069.790039   0.252547
  2074.800049   0.313351
  2079.810059   0.370726
  2084.820068   0.375898
  2089.830078   0.392179
  2094.830078   0.398916
  2099.840088   0.390686
  2104.850098   0.408466
  2109.860107   0.402671
  2114.870117   0.397308
  2119.879883   0.387338
  2124.889893   0.392285
  2129.889893   0.403152
  2134.899902   0.406850
  2139.909912   0.404504
  2144.919922   0.398231
  2149.929932   0.364872
  2154.939941   0.363552
  2159.949951   0.353859
  2164.959961   0.331104
  2169.959961   0.349884
  2174.969971   0.343266
  2179.979980   0.338226
  2184.989990   0.308420
  2190.000000   0.330286
  2195.010010   0.317165
  2200.020020   0.290265
  2205.020020   0.299362
  2210.030029   0.327672
  2215.040039   0.322681
  2220.050049   0.327337
  2225.060059   0.321645
  2230.070068   0.323641
  2235.080078   0.314018
  2240.090088   0.308299
  2245.090088   0.296807
  2250.100098   0.294644
  2255.110107   0.281441
  2260.120117   0.273736
  2265.129883   0.266740
  2270.139893   0.264973
  2275.149902   0.262194
  2280.149902   0.259701
  2285.159912   0.252343
  2290.169922   0.239891
  2295.179932   0.221283
  2300.189941   0.222078
  2305.199951   0.228281
  2310.209961   0.245040
  2315.219971   0.212642
  2320.219971   0.181947
  2325.229980   0.203745
  2330.239990   0.211172
  2335.250000   0.200033
  2340.260010   0.163104
  2345.270020   0.162988
  2350.280029   0.134522
  2355.280029   0.150301
  2360.290039   0.175218
  2365.300049   0.161738
  2370.310059   0.114610
  2375.320068   0.127010
  2380.330078   0.112465
  2385.340088   0.095781
  2390.350098   0.114113
  2395.350098   0.123175
  2400.360107   0.128153
  2405.370117   0.095585
  2410.379883   0.085524
  2415.389893   0.055939
  2420.399902   0.069952
  2425.409912   0.094487
  2430.409912   0.106276
  2435.419922   0.055826
  2440.429932   0.096537
  2445.439941   0.046046
  2450.449951   0.024504
  2455.459961   0.058318
  2460.469971   0.068109
  2465.479980   0.045546
  2470.479980   0.028828
  2475.489990   0.024243
  2480.500000   0.009930
  2485.510010   0.003611
  2490.520020   0.002405
  2495.530029   0.004370
  2500.540039   0.008312
