 0.35000  1.83910  1.30516  0.94842  0.30727  1.46048  0.00000
 0.40000  1.55629  1.14103  0.95625  0.26111  1.38796  0.00000
 0.45000  1.33240  1.00577  0.99889  0.20303  1.26332  0.00000
 0.50000  1.15307  0.89343  1.00992  0.18524  1.12755  0.00000
 0.55000  1.00000  0.79195  1.00000  0.13374  1.00000  0.00000
 0.60000  0.88138  0.71293  1.06295  0.11655  0.88100  0.00000
 0.65000  0.78987  0.65208  1.07499  0.11179  0.77434  0.00000
 0.70000  0.70724  0.59389  1.07951  0.10077  0.67877  0.00000
 0.75000  0.64333  0.54921  1.09373  0.09657  0.59691  0.00000
 0.80000  0.58901  0.51033  1.11003  0.09293  0.52369  0.00000
 0.90000  0.50710  0.45095  1.14892  0.08706  0.40759  0.00000
 1.00000  0.44350  0.40185  1.19154  0.08171  0.31774  0.00001
 1.25000  0.33926  0.31884  1.31666  0.07877  0.17826  0.00006
 1.50000  0.27489  0.26381  1.34590  0.07666  0.10263  0.00017
 1.75000  0.23505  0.22845  1.41198  0.07507  0.06293  0.00026
 2.00000  0.20405  0.19999  1.45288  0.07787  0.04133  0.00137
 2.50000  0.16286  0.16110  1.27444  0.09430  0.01637  0.00202
 3.00000  0.13900  0.13810  1.13268  0.18968  0.17643  0.16084
 3.20000  0.12771  0.12700  0.90144  0.09943  0.08031  0.06577
 3.39000  0.12115  0.12058  0.86994  0.07579  0.04183  0.03201
 3.50000  0.11826  0.11774  0.82548  0.06914  0.03382  0.02561
 3.75000  0.11001  0.10961  0.56226  0.03506  0.02363  0.01792
 4.00000  0.10280  0.10248  0.48558  0.01846  0.02068  0.01659
 4.50000  0.09091  0.09071  0.38382  0.02008  0.01947  0.01708
 5.00000  0.08078  0.08065  0.29337  0.03453  0.01654  0.01505
 5.50000  0.07314  0.07305  0.23636  0.06019  0.01961  0.01872
 6.00000  0.06623  0.06616  0.19341  0.07216  0.04366  0.04296
 6.20000  0.06398  0.06392  0.18404  0.07930  0.03393  0.03307
 6.50000  0.06090  0.06085  0.14593  0.05966  0.01860  0.01802
 7.20000  0.05551  0.05547  0.21189  0.13297  0.01850  0.01822
 7.90000  0.04935  0.04932  0.09108  0.07628  0.03574  0.03555
 8.20000  0.04774  0.04772  0.10546  0.09825  0.04337  0.04318
 8.50000  0.04585  0.04583  0.16764  0.15675  0.04723  0.04702
 8.70000  0.04441  0.04440  0.25016  0.22389  0.04634  0.04611
 9.00000  0.04310  0.04308  0.43700  0.30139  0.03773  0.03753
 9.20000  0.04180  0.04179  0.51062  0.32338  0.03524  0.03507
 9.50000  0.04063  0.04062  0.48027  0.30972  0.04204  0.04188
 9.80000  0.03928  0.03927  0.45206  0.29679  0.03706  0.03689
10.00000  0.03840  0.03839  0.43440  0.28856  0.02728  0.02714
10.60000  0.03634  0.03633  0.22875  0.14907  0.02439  0.02431
11.00000  0.03472  0.03471  0.16910  0.10912  0.03407  0.03401
11.50000  0.03331  0.03330  0.24505  0.18980  0.03369  0.03363
12.50000  0.03022  0.03022  0.26582  0.22626  0.03990  0.03985
13.00000  0.02914  0.02913  0.20309  0.15504  0.04366  0.04361
14.00000  0.02682  0.02682  0.10785  0.09300  0.04666  0.04661
14.80000  0.02535  0.02535  0.11136  0.10126  0.04614  0.04610
