3.818727310000000443e+02 0.000000000000000000e+00
3.892778910000000110e+02 0.000000000000000000e+00
3.966859309999999823e+02 0.000000000000000000e+00
4.040968609999999899e+02 0.000000000000000000e+00
4.115106910000000084e+02 0.000000000000000000e+00
4.189274110000000064e+02 0.000000000000000000e+00
4.263470209999999838e+02 0.000000000000000000e+00
4.337695309999999722e+02 0.000000000000000000e+00
4.411943609999999580e+02 0.000000000000000000e+00
4.486209609999999657e+02 0.000000000000000000e+00
4.560493210000000204e+02 0.000000000000000000e+00
4.634794410000000084e+02 0.000000000000000000e+00
4.709113309999999615e+02 0.000000000000000000e+00
4.783449810000000184e+02 0.000000000000000000e+00
4.857804009999999835e+02 0.000000000000000000e+00
4.932175910000000272e+02 0.000000000000000000e+00
5.006561810000000037e+02 0.000000000000000000e+00
5.080959109999999441e+02 0.000000000000000000e+00
5.155367709999999306e+02 0.000000000000000000e+00
5.229787809999999126e+02 0.000000000000000000e+00
5.304219110000000228e+02 0.000000000000000000e+00
5.378661909999999580e+02 0.000000000000000000e+00
5.453116009999999960e+02 0.000000000000000000e+00
5.527581509999999980e+02 0.000000000000000000e+00
5.602055910000000267e+02 0.000000000000000000e+00
5.676537910000000693e+02 0.000000000000000000e+00
5.751027410000000373e+02 0.000000000000000000e+00
5.825524609999999939e+02 0.000000000000000000e+00
5.900029309999999896e+02 0.000000000000000000e+00
5.974541709999999739e+02 0.000000000000000000e+00
6.049061609999999973e+02 0.000000000000000000e+00
6.123589109999999209e+02 0.000000000000000000e+00
6.198122309999999970e+02 0.000000000000000000e+00
6.272660610000000361e+02 0.000000000000000000e+00
6.347204010000000380e+02 0.000000000000000000e+00
6.421752410000000282e+02 0.000000000000000000e+00
6.496305909999999812e+02 0.000000000000000000e+00
6.570864410000000362e+02 0.000000000000000000e+00
6.645428009999999404e+02 0.000000000000000000e+00
6.719996710000000348e+02 0.000000000000000000e+00
6.794568709999999783e+02 0.000000000000000000e+00
6.869143810000000485e+02 0.000000000000000000e+00
6.943721809999999550e+02 0.000000000000000000e+00
7.018302810000000136e+02 0.000000000000000000e+00
7.092886809999999969e+02 0.000000000000000000e+00
7.167473709999999301e+02 0.000000000000000000e+00
7.242063709999999901e+02 0.000000000000000000e+00
7.316656610000000001e+02 0.000000000000000000e+00
7.391252610000000232e+02 0.000000000000000000e+00
7.465851509999999962e+02 0.000000000000000000e+00
7.540453410000000076e+02 0.000000000000000000e+00
7.615058310000000574e+02 0.000000000000000000e+00
7.689666109999999435e+02 0.000000000000000000e+00
7.764277010000000701e+02 0.000000000000000000e+00
7.838890810000000329e+02 0.000000000000000000e+00
7.913507710000000088e+02 0.000000000000000000e+00
7.988127409999999600e+02 0.000000000000000000e+00
8.062747709999999870e+02 0.000000000000000000e+00
8.137368609999999762e+02 0.000000000000000000e+00
8.211990009999999529e+02 0.000000000000000000e+00
8.286612109999999802e+02 0.000000000000000000e+00
8.361234809999999698e+02 0.000000000000000000e+00
8.435858109999999215e+02 0.000000000000000000e+00
8.510482009999999491e+02 0.000000000000000000e+00
8.585106510000000526e+02 0.000000000000000000e+00
8.659731510000000299e+02 0.000000000000000000e+00
8.734357209999999441e+02 0.000000000000000000e+00
8.808983510000000479e+02 0.000000000000000000e+00
8.883610410000000002e+02 0.000000000000000000e+00
8.958237810000000536e+02 0.000000000000000000e+00
9.032865909999999303e+02 0.000000000000000000e+00
9.107494609999999966e+02 0.000000000000000000e+00
9.182123810000000503e+02 0.000000000000000000e+00
9.256753109999999651e+02 0.000000000000000000e+00
9.331381309999999303e+02 0.000000000000000000e+00
9.406008209999999963e+02 0.000000000000000000e+00
9.480633910000000242e+02 0.000000000000000000e+00
9.555258509999999887e+02 0.000000000000000000e+00
9.629881810000000542e+02 0.000000000000000000e+00
9.704504010000000562e+02 0.000000000000000000e+00
9.779124910000000455e+02 0.000000000000000000e+00
9.853744709999999714e+02 0.000000000000000000e+00
9.928363209999999981e+02 0.000000000000000000e+00
1.000298061000000075e+03 0.000000000000000000e+00
1.007759681000000000e+03 0.000000000000000000e+00
1.015221181000000001e+03 0.000000000000000000e+00
1.022682561000000078e+03 0.000000000000000000e+00
1.030143821000000116e+03 0.000000000000000000e+00
1.037604961000000003e+03 0.000000000000000000e+00
1.045065980999999965e+03 0.000000000000000000e+00
1.052526840999999877e+03 0.000000000000000000e+00
1.059987530999999990e+03 0.000000000000000000e+00
1.067448041000000103e+03 0.000000000000000000e+00
1.074908370999999988e+03 0.000000000000000000e+00
1.082368531000000075e+03 0.000000000000000000e+00
1.089828500999999960e+03 0.000000000000000000e+00
1.097288290999999845e+03 0.000000000000000000e+00
1.104747910999999931e+03 0.000000000000000000e+00
1.112207341000000042e+03 0.000000000000000000e+00
1.119666601000000128e+03 0.000000000000000000e+00
1.127125671000000011e+03 0.000000000000000000e+00
1.134584571000000096e+03 0.000000000000000000e+00
1.142043290999999954e+03 0.000000000000000000e+00
1.149501831000000038e+03 0.000000000000000000e+00
1.156960191000000123e+03 0.000000000000000000e+00
1.164418370999999979e+03 0.000000000000000000e+00
1.171876371000000063e+03 0.000000000000000000e+00
1.179334201000000121e+03 0.000000000000000000e+00
1.186791840999999977e+03 0.000000000000000000e+00
1.194249311000000034e+03 0.000000000000000000e+00
1.201706590999999889e+03 0.000000000000000000e+00
1.209163700999999946e+03 0.000000000000000000e+00
1.216620620999999801e+03 0.000000000000000000e+00
1.224077370999999857e+03 0.000000000000000000e+00
1.231533940999999913e+03 0.000000000000000000e+00
1.238990330999999969e+03 0.000000000000000000e+00
1.246446541000000025e+03 0.000000000000000000e+00
1.253902581000000055e+03 0.000000000000000000e+00
1.261358430999999882e+03 0.000000000000000000e+00
1.268814100999999937e+03 0.000000000000000000e+00
1.276269601000000193e+03 0.000000000000000000e+00
1.283724911000000020e+03 0.000000000000000000e+00
1.291180051000000049e+03 0.000000000000000000e+00
1.298635001000000102e+03 0.000000000000000000e+00
1.306089620999999852e+03 0.000000000000000000e+00
1.313543890999999803e+03 0.000000000000000000e+00
1.320997830999999906e+03 0.000000000000000000e+00
1.328451430999999957e+03 5.000000000000000000e-01
1.335904691000000184e+03 5.000000000000000000e-01
1.343357611000000134e+03 5.000000000000000000e-01
1.350810191000000032e+03 5.000000000000000000e-01
1.358262431000000106e+03 5.000000000000000000e-01
1.365714330999999902e+03 5.000000000000000000e-01
1.373165900999999849e+03 5.000000000000000000e-01
1.380617120999999997e+03 0.000000000000000000e+00
1.388068011000000070e+03 0.000000000000000000e+00
1.395518551000000116e+03 0.000000000000000000e+00
1.402968760999999859e+03 0.000000000000000000e+00
1.410418631000000005e+03 0.000000000000000000e+00
1.417868160999999873e+03 0.000000000000000000e+00
1.425317350999999917e+03 0.000000000000000000e+00
1.432766210999999885e+03 0.000000000000000000e+00
1.440214721000000054e+03 0.000000000000000000e+00
1.447662890999999945e+03 0.000000000000000000e+00
1.455110730999999987e+03 0.000000000000000000e+00
1.462558230999999978e+03 0.000000000000000000e+00
1.470005390999999918e+03 0.000000000000000000e+00
1.477452210999999807e+03 0.000000000000000000e+00
1.484898690999999872e+03 0.000000000000000000e+00
1.492344831000000113e+03 0.000000000000000000e+00
1.499790640999999823e+03 0.000000000000000000e+00
1.507236100999999962e+03 0.000000000000000000e+00
1.514681231000000025e+03 0.000000000000000000e+00
1.522126021000000037e+03 0.000000000000000000e+00
1.529570470999999998e+03 0.000000000000000000e+00
1.537014580999999907e+03 0.000000000000000000e+00
1.544458321000000069e+03 0.000000000000000000e+00
1.551901661000000104e+03 0.000000000000000000e+00
1.559344601000000011e+03 0.000000000000000000e+00
1.566787131000000045e+03 0.000000000000000000e+00
1.574229271000000153e+03 0.000000000000000000e+00
1.581671011000000135e+03 0.000000000000000000e+00
1.589112350999999990e+03 0.000000000000000000e+00
1.596553290999999945e+03 0.000000000000000000e+00
1.603993831000000000e+03 0.000000000000000000e+00
1.611433971000000156e+03 0.000000000000000000e+00
1.618873710999999957e+03 0.000000000000000000e+00
1.626313050999999859e+03 0.000000000000000000e+00
1.633751991000000089e+03 0.000000000000000000e+00
1.641190530999999964e+03 0.000000000000000000e+00
1.648628670999999940e+03 0.000000000000000000e+00
1.656066400999999814e+03 0.000000000000000000e+00
1.663503740999999991e+03 0.000000000000000000e+00
1.670940691000000015e+03 0.000000000000000000e+00
1.678377230999999938e+03 0.000000000000000000e+00
1.685813370999999961e+03 0.000000000000000000e+00
1.693249111000000084e+03 0.000000000000000000e+00
1.700684451000000081e+03 0.000000000000000000e+00
1.708119391000000178e+03 0.000000000000000000e+00
1.715553931000000148e+03 0.000000000000000000e+00
1.722988080999999966e+03 0.000000000000000000e+00
1.730421820999999909e+03 0.000000000000000000e+00
1.737855160999999953e+03 0.000000000000000000e+00
1.745288111000000072e+03 0.000000000000000000e+00
1.752720650999999862e+03 0.000000000000000000e+00
1.760152791000000207e+03 0.000000000000000000e+00
1.767584540999999945e+03 0.000000000000000000e+00
1.775015881000000036e+03 0.000000000000000000e+00
1.782446830999999975e+03 0.000000000000000000e+00
1.789877321000000165e+03 0.000000000000000000e+00
1.797307340999999951e+03 0.000000000000000000e+00
1.804736900999999989e+03 0.000000000000000000e+00
1.812166011000000026e+03 0.000000000000000000e+00
1.819594651000000113e+03 0.000000000000000000e+00
1.827022830999999996e+03 0.000000000000000000e+00
1.834450550999999905e+03 0.000000000000000000e+00
1.841877811000000065e+03 0.000000000000000000e+00
1.849304611000000023e+03 0.000000000000000000e+00
1.856730951000000005e+03 0.000000000000000000e+00
1.864156831000000011e+03 0.000000000000000000e+00
1.871582251000000042e+03 0.000000000000000000e+00
1.879007201000000123e+03 0.000000000000000000e+00
1.886431700999999975e+03 0.000000000000000000e+00
1.893855741000000080e+03 0.000000000000000000e+00
1.901279311000000007e+03 0.000000000000000000e+00
1.908702430999999933e+03 0.000000000000000000e+00
1.916125080999999909e+03 0.000000000000000000e+00
1.923547281000000112e+03 0.000000000000000000e+00
1.930969010999999909e+03 0.000000000000000000e+00
1.938390280999999959e+03 0.000000000000000000e+00
1.945811101000000008e+03 0.000000000000000000e+00
1.953231450999999879e+03 0.000000000000000000e+00
1.960651341000000002e+03 0.000000000000000000e+00
1.968070780999999897e+03 0.000000000000000000e+00
1.975489751000000069e+03 0.000000000000000000e+00
1.982908261000000039e+03 0.000000000000000000e+00
1.990326321000000007e+03 0.000000000000000000e+00
1.997743911000000026e+03 0.000000000000000000e+00
2.005161041000000068e+03 0.000000000000000000e+00
2.012577711000000136e+03 0.000000000000000000e+00
2.019993931000000202e+03 0.000000000000000000e+00
2.027409641000000192e+03 0.000000000000000000e+00
2.034824800999999979e+03 0.000000000000000000e+00
2.042239421000000220e+03 0.000000000000000000e+00
2.049653480999999829e+03 0.000000000000000000e+00
2.057066991000000144e+03 0.000000000000000000e+00
2.064479941000000053e+03 0.000000000000000000e+00
2.071892350999999962e+03 0.000000000000000000e+00
2.079304200999999921e+03 0.000000000000000000e+00
2.086715501000000131e+03 0.000000000000000000e+00
2.094126251000000138e+03 0.000000000000000000e+00
2.101536450999999943e+03 0.000000000000000000e+00
2.108946100999999999e+03 0.000000000000000000e+00
2.116355190999999650e+03 0.000000000000000000e+00
2.123763740999999754e+03 0.000000000000000000e+00
2.131171730999999909e+03 0.000000000000000000e+00
2.138579170999999860e+03 0.000000000000000000e+00
2.145986061000000063e+03 0.000000000000000000e+00
2.153392401000000064e+03 0.000000000000000000e+00
2.160798190999999861e+03 0.000000000000000000e+00
2.168203420999999707e+03 0.000000000000000000e+00
2.175608111000000008e+03 0.000000000000000000e+00
2.183012241000000358e+03 0.000000000000000000e+00
2.190415831000000253e+03 0.000000000000000000e+00
2.197818861000000197e+03 0.000000000000000000e+00
2.205221340999999939e+03 0.000000000000000000e+00
2.212623270999999932e+03 0.000000000000000000e+00
2.220024651000000176e+03 0.000000000000000000e+00
2.227425481000000218e+03 0.000000000000000000e+00
2.234825761000000057e+03 0.000000000000000000e+00
2.242225481000000400e+03 0.000000000000000000e+00
2.249624660999999833e+03 0.000000000000000000e+00
2.257023280999999770e+03 0.000000000000000000e+00
2.264421361000000161e+03 0.000000000000000000e+00
2.271818840999999793e+03 0.000000000000000000e+00
2.279215710999999828e+03 0.000000000000000000e+00
2.286611961000000065e+03 0.000000000000000000e+00
2.294007610999999997e+03 0.000000000000000000e+00
2.301402641000000131e+03 0.000000000000000000e+00
2.308797060999999758e+03 0.000000000000000000e+00
2.316190880999999990e+03 0.000000000000000000e+00
2.323584070999999767e+03 0.000000000000000000e+00
2.330976660999999694e+03 0.000000000000000000e+00
2.338368641000000025e+03 0.000000000000000000e+00
2.345760001000000102e+03 0.000000000000000000e+00
2.353150761000000330e+03 0.000000000000000000e+00
2.360540900999999849e+03 0.000000000000000000e+00
2.367930431000000226e+03 0.000000000000000000e+00
2.375319351000000097e+03 0.000000000000000000e+00
2.382707660999999916e+03 0.000000000000000000e+00
2.390095361000000139e+03 0.000000000000000000e+00
2.397482451000000310e+03 0.000000000000000000e+00
2.404868920999999773e+03 0.000000000000000000e+00
2.412254790999999841e+03 0.000000000000000000e+00
2.419640050999999858e+03 0.000000000000000000e+00
2.427024691000000075e+03 0.000000000000000000e+00
2.434408721000000241e+03 0.000000000000000000e+00
2.441792151000000104e+03 0.000000000000000000e+00
2.449174961000000167e+03 0.000000000000000000e+00
2.456557161000000178e+03 0.000000000000000000e+00
2.463938751000000138e+03 0.000000000000000000e+00
2.471319731000000047e+03 0.000000000000000000e+00
2.478700111000000106e+03 0.000000000000000000e+00
2.486079870999999912e+03 0.000000000000000000e+00
2.493459021000000121e+03 0.000000000000000000e+00
