 381.0055 0.0
 388.4092 0.0
 395.8158 0.0
 403.2254 0.0
 410.6379 0.0
 418.0535 0.0
 425.4721 0.0
 432.8927 0.0
 440.3172 0.0
 447.7428 0.0
 455.1703 0.0
 462.5988 0.0
 470.0304 0.0
 477.4629 0.0
 484.8974 0.0
 492.3329 0.0
 499.7714 0.0
 507.2099 0.0
 514.6503 0.0
 522.0908 0.0
 529.5333 0.0
 536.9768 0.0
 544.4212 0.0
 551.8667 0.0
 559.3141 0.0
 566.7616 0.0
 574.2090 0.0
 581.6585 0.0
 589.1079 0.0
 596.5583 0.0
 604.0097 0.0
 611.4622 0.0
 618.9146 0.0
 626.3680 0.0
 633.8214 0.0
 641.2758 0.0
 648.7302 0.0
 656.1857 0.0
 663.6411 0.0
 671.0975 0.0
 678.5539 0.0
 686.0103 0.0
 693.4677 0.0
 700.9251 0.0
 708.3835 0.0
 715.8409 0.0
 723.2993 0.0
 730.7587 0.0
 738.2171 0.0
 745.6765 0.0
 753.1359 0.0
 760.5963 0.0
 768.0557 0.0
 775.5161 0.0
 782.9775 0.0
 790.4379 0.0
 797.8993 0.0
 805.3617 0.0
 812.8231 0.0
 820.2845 0.0
 827.7460 0.0
 835.2074 0.0
 842.6698 0.0
 850.1312 0.0
 857.5937 0.0
 865.0551 0.0
 872.5175 0.0
 879.9800 0.0
 887.4414 0.0
 894.9039 0.0
 902.3663 0.0
 909.8288 0.0
 917.2913 0.0
 924.7537 0.0
 932.2162 0.0
 939.6787 0.0
 947.1402 0.0
 954.6027 0.0
 962.0642 0.0
 969.5267 0.0
 976.9882 0.0
 984.4498 0.0
 991.9113 0.0
 999.3728 0.0
 1006.834 0.0
 1014.294 0.0
 1021.756 0.0
 1029.217 0.0
 1036.677 0.0
 1044.138 0.0
 1051.598 0.0
 1059.059 0.0
 1066.520 0.0
 1073.979 0.0
 1081.440 0.0
 1088.900 0.0
 1096.359 0.0
 1103.818 0.0
 1111.278 0.0
 1118.736 0.0
 1126.196 0.0
 1133.655 0.0
 1141.112 0.0
 1148.571 0.0
 1156.030 0.0
 1163.488 0.0
 1170.945 0.0
 1178.403 0.0
 1185.861 0.0
 1193.318 0.0
 1200.776 0.0
 1208.233 0.0
 1215.689 0.0
 1223.146 0.0
 1230.603 0.0
 1238.059 0.0
 1245.515 0.0
 1252.972 0.0
 1260.428 0.0
 1267.883 0.0
 1275.339 0.5
 1282.794 0.5
 1290.250 0.5
 1297.705 0.5
 1305.160 0.5
 1312.614 0.5
 1320.068 0.5
 1327.522 0.0
 1334.975 0.0
 1342.428 0.0
 1349.881 0.0
 1357.335 0.0
 1364.787 0.0
 1372.238 0.0
 1379.690 0.0
 1387.141 0.0
 1394.593 0.0
 1402.043 0.0
 1409.493 0.0
 1416.943 0.0
 1424.393 0.0
 1431.842 0.0
 1439.292 0.0
 1446.740 0.0
 1454.188 0.0
 1461.637 0.0
 1469.084 0.0
 1476.532 0.0
 1483.979 0.0
 1491.426 0.0
 1498.872 0.0
 1506.319 0.0
 1513.764 0.0
 1521.210 0.0
 1528.655 0.0
 1536.100 0.0
 1543.545 0.0
 1550.989 0.0
 1558.432 0.0
 1565.876 0.0
 1573.319 0.0
 1580.762 0.0
 1588.204 0.0
 1595.646 0.0
 1603.088 0.0
 1610.529 0.0
 1617.970 0.0
 1625.410 0.0
 1632.851 0.0
 1640.290 0.0
 1647.730 0.0
 1655.169 0.0
 1662.607 0.0
 1670.045 0.0
 1677.483 0.0
 1684.920 0.0
 1692.358 0.0
 1699.795 0.0
 1707.231 0.0
 1714.666 0.0
 1722.103 0.0
 1729.538 0.0
 1736.972 0.0
 1744.407 0.0
 1751.841 0.0
 1759.274 0.0
 1766.708 0.0
 1774.141 0.0
 1781.574 0.0
 1789.006 0.0
 1796.438 0.0
 1803.870 0.0
 1811.300 0.0
 1818.731 0.0
 1826.161 0.0
 1833.590 0.0
 1841.020 0.0
 1848.449 0.0
 1855.877 0.0
 1863.305 0.0
 1870.733 0.0
 1878.159 0.0
 1885.586 0.0
 1893.012 0.0
 1900.438 0.0
 1907.864 0.0
 1915.289 0.0
 1922.713 0.0
 1930.137 0.0
 1937.560 0.0
 1944.983 0.0
 1952.407 0.0
 1959.829 0.0
 1967.251 0.0
 1974.673 0.0
 1982.094 0.0
 1989.515 0.0
 1996.935 0.0
 2004.355 0.0
 2011.774 0.0
 2019.193 0.0
 2026.611 0.0
 2034.030 0.0
 2041.447 0.0
 2048.864 0.0
 2056.280 0.0
 2063.696 0.0
 2071.112 0.0
 2078.527 0.0
 2085.942 0.0
 2093.356 0.0
 2100.769 0.0
 2108.182 0.0
 2115.594 0.0
 2123.006 0.0
 2130.417 0.0
 2137.828 0.0
 2145.239 0.0
 2152.648 0.0
 2160.057 0.0
 2167.466 0.0
 2174.875 0.0
 2182.282 0.0
 2189.690 0.0
 2197.096 0.0
 2204.503 0.0
 2211.909 0.0
 2219.314 0.0
 2226.719 0.0
 2234.123 0.0
 2241.526 0.0
 2248.929 0.0
 2256.332 0.0
 2263.734 0.0
 2271.136 0.0
 2278.537 0.0
 2285.938 0.0
 2293.338 0.0
 2300.737 0.0
 2308.136 0.0
 2315.534 0.0
 2322.932 0.0
 2330.329 0.0
 2337.726 0.0
 2345.121 0.0
 2352.517 0.0
 2359.912 0.0
 2367.307 0.0
 2374.700 0.0
 2382.093 0.0
 2389.486 0.0
 2396.877 0.0
 2404.269 0.0
 2411.660 0.0
 2419.051 0.0
 2426.440 0.0
 2433.830 0.0
 2441.218 0.0
 2448.606 0.0
 2455.994 0.0
 2463.381 0.0
 2470.767 0.0
 2478.153 0.0
 2485.538 0.0
 2492.923 0.0
