375.594 0.01
385.263 0.01
394.936 0.01
404.613 0.01
414.295 0.01
423.981 0.01
433.671 0.01
443.366 0.01
453.066 0.01
462.769 0.01
472.477 0.01
482.190 0.01
491.907 0.01
501.628 0.01
511.354 0.01
521.084 0.01
530.818 0.01
540.557 0.01
550.300 0.01
560.048 0.01
569.800 0.01
579.556 0.01
589.317 0.01
599.082 0.01
608.852 0.01
618.625 0.01
628.404 0.01
638.186 0.01
647.974 0.01
657.765 0.01
667.561 0.01
655.792 0.01
665.599 0.01
675.401 0.01
685.198 0.01
694.989 0.01
704.776 0.01
714.557 0.01
724.333 0.01
734.103 0.01
743.869 0.01
753.629 0.01
763.384 0.01
773.133 0.01
782.878 0.01
792.617 0.01
802.352 0.01
812.081 0.01
821.804 0.01
831.523 0.01
841.236 0.01
850.944 0.01
860.647 0.01
870.345 0.01
880.037 0.01
889.724 0.01
899.407 0.01
909.083 0.01
918.755 0.01
928.421 0.01
938.083 0.01
947.739 0.01
957.389 0.01
967.035 0.01
976.675 0.01
986.311 0.01
995.941 0.01
1005.57 0.01
1015.18 0.01
1024.80 0.01
1034.41 0.01
1044.01 0.01
1053.61 0.01
1063.20 0.01
1072.79 0.01
1082.38 0.01
1091.95 0.01
1101.53 0.01
1111.09 0.01
1120.66 0.01
1130.21 0.01
1139.76 0.01
1149.31 0.01
1158.85 0.01
1168.39 0.01
1177.92 0.01
1187.45 0.01
1196.97 0.01
1206.48 0.01
1215.99 0.01
1225.50 0.01
1235.00 0.01
1244.49 0.01
1253.98 0.01
1263.46 0.01
1253.37 0.01
1263.35 0.01
1273.32 0.01
1283.29 0.01
1293.26 0.01
1303.23 0.01
1313.21 0.01
1323.18 0.01
1333.15 0.01
1343.12 0.01
1353.09 0.01
1363.06 0.01
1373.03 0.01
1383.00 0.01
1392.97 0.01
1402.94 0.01
1412.91 0.01
1422.88 0.01
1432.85 0.01
1442.81 0.01
1452.78 0.01
1462.75 0.01
1472.72 0.01
1482.68 0.01
1492.65 0.01
1502.62 0.01
1512.59 0.01
1522.55 0.01
1532.52 0.01
1542.48 0.01
1552.45 0.01
1562.42 0.01
1572.38 0.01
1582.35 0.01
1592.31 0.01
1602.28 0.01
1612.24 0.01
1622.20 0.01
1632.17 0.01
1642.13 0.01
1652.09 0.01
1662.06 0.01
1672.02 0.01
1681.98 0.01
1691.95 0.01
1701.91 0.01
1711.87 0.01
1721.83 0.01
1731.79 0.01
1741.75 0.01
1751.71 0.01
1761.68 0.01
1771.64 0.01
1781.60 0.01
1791.56 0.01
1801.52 0.01
1811.47 0.01
1821.43 0.01
1831.39 0.01
1841.35 0.01
1851.31 0.01
1861.27 0.01
1871.23 0.01
1872.38 0.01
1866.86 0.01
1876.93 0.01
1886.98 0.01
1897.04 0.01
1907.10 0.01
1917.15 0.01
1927.20 0.01
1937.25 0.01
1947.29 0.01
1957.33 0.01
1967.38 0.01
1977.41 0.01
1987.45 0.01
1997.48 0.01
2007.52 0.01
2017.54 0.01
2027.57 0.01
2037.60 0.01
2047.62 0.01
2057.64 0.01
2067.66 0.01
2077.67 0.01
2087.68 0.01
2097.70 0.01
2107.70 0.01
2117.71 0.01
2127.71 0.01
2137.72 0.01
2147.71 0.01
2157.71 0.01
2167.71 0.01
2177.70 0.01
2187.69 0.01
2197.68 0.01
2207.66 0.01
2217.65 0.01
2227.63 0.01
2237.60 0.01
2247.58 0.01
2257.55 0.01
2267.53 0.01
2277.50 0.01
2287.46 0.01
2297.43 0.01
2307.39 0.01
2317.35 0.01
2327.31 0.01
2337.26 0.01
2347.22 0.01
2357.17 0.01
2367.11 0.01
2377.06 0.01
2387.01 0.01
2396.95 0.01
2406.89 0.01
2416.82 0.01
2426.76 0.01
2436.69 0.01
2446.62 0.01
2456.55 0.01
2466.47 0.01
2476.40 0.01
2486.32 0.01
2496.24 0.01
7513.00 0.11
7531.00 0.11
7548.60 0.11
7566.30 0.11
7583.89 0.11
7601.60 0.11
7619.19 0.11
7636.89 0.11
7654.50 0.11
7672.19 0.11
7689.80 0.11
7707.50 0.11
7725.10 0.11
7742.80 0.11
7760.39 0.11
7778.10 0.11
7795.69 0.11
7813.39 0.11
7831.00 0.11
7848.60 0.11
7866.30 0.11
7883.89 0.11
7901.60 0.11
7919.19 0.11
7936.89 0.11
7954.50 0.11
7972.19 0.11
7989.80 0.11
8007.50 0.01
8025.10 0.01
8042.79 0.01
8060.39 0.01
8078.09 0.01
8095.70 0.01
8113.40 0.01
8131.00 0.01
8148.60 0.01
8166.29 0.01
8183.89 0.01
8201.59 0.01
8219.20 0.01
8236.89 0.01
8254.50 0.01
8272.19 0.01
8289.79 0.01
8307.50 0.01
8325.10 0.01
8342.80 0.01
8360.39 0.01
8378.10 0.01
8395.69 0.01
8413.39 0.01
8431.00 0.01
8448.60 0.01
8466.30 0.01
8483.89 0.01
8501.60 0.01
8519.19 0.01
8536.89 0.01
8554.50 0.01
8572.20 0.01
8589.80 0.01
8607.50 0.01
8625.10 0.01
8642.79 0.01
8660.39 0.01
8678.10 0.01
8695.70 0.01
8713.39 0.01
8731.00 0.01
8748.60 0.01
8766.29 0.01
8783.89 0.01
8801.60 0.01
8819.20 0.01
8836.89 0.01
8854.50 0.01
8872.19 0.01
8889.79 0.01
8907.50 0.01
8925.10 0.01
8942.79 0.01
8960.39 0.01
8978.10 0.01
8995.69 0.01
9013.40 0.01
9031.00 0.01
9048.60 0.01
9066.29 0.01
9083.89 0.01
9101.60 0.01
9119.19 0.01
9136.90 0.01
9154.50 0.01
9172.20 0.01
9189.79 0.01
9207.50 0.01
9225.09 0.01
9242.80 0.01
9260.40 0.01
9278.10 0.01
9295.70 0.01
9313.39 0.01
9331.00 0.01
9348.59 0.01
9366.30 0.01
9383.90 0.01
9401.60 0.01
9419.20 0.01
9436.89 0.01
9454.50 0.01
9472.20 0.01
9489.80 0.01
9507.50 0.01
9525.10 0.01
9542.79 0.01
9560.39 0.01
9578.09 0.01
9595.70 0.01
9613.39 0.01
9631.00 0.01
9648.60 0.01
9666.29 0.01
9683.89 0.01
9701.59 0.01
9719.20 0.01
9736.89 0.01
9754.50 0.01
9772.19 0.01
9789.79 0.01
9807.50 0.01
9825.10 0.01
9842.80 0.01
9860.39 0.01
9878.10 0.01
9895.69 0.01
9913.39 0.01
9931.00 0.01
9948.60 0.01
9966.30 0.01
9983.89 0.01
1000.16 0.01
1001.91 0.01
1003.70 0.01
1005.50 0.01
1007.20 0.01
1009.00 0.01
1010.70 0.01
1012.50 0.01
1014.30 0.01
1016.00 0.01
1017.80 0.01
1019.60 0.01
1021.30 0.01
1023.10 0.01
1024.90 0.01
1026.60 0.01
1028.40 0.01
1030.20 0.01
1031.90 0.01
1033.70 0.01
1035.50 0.01
1037.20 0.01
1039.00 0.01
1040.70 0.01
1042.50 0.01
1044.30 0.01
1046.00 0.01
1047.80 0.01
1049.60 0.01
1051.30 0.01
1053.10 0.01
1054.90 0.01
1056.60 0.01
1058.40 0.01
1060.20 0.01
1061.90 0.01
1063.70 0.01
1065.50 0.01
1067.20 0.01
1069.00 0.01
1070.70 0.01
1072.50 0.01
1074.30 0.01
1076.00 0.01
1077.80 0.01
1079.60 0.01
1081.30 0.01
1083.10 0.01
1084.90 0.01
1086.60 0.01
1088.40 0.01
1090.20 0.01
1091.90 0.01
1093.70 0.01
1095.50 0.01
1097.20 0.01
1099.00 0.01
1100.70 0.01
1102.50 0.01
1104.30 0.01
1106.00 0.01
1107.80 0.01
1109.60 0.01
1111.30 0.01
1113.10 0.01
1114.90 0.01
1116.60 0.01
1118.40 0.01
1119.20 0.01
1120.90 0.01
1122.70 0.01
1124.50 0.01
1126.20 0.01
1128.00 0.01
1129.70 0.01
1131.50 0.01
1133.30 0.01
1135.00 0.01
1136.80 0.01
1138.60 0.01
1140.30 0.01
1142.10 0.01
1143.90 0.01
1145.60 0.01
1147.40 0.01
1149.20 0.01
1150.90 0.11
1152.70 0.11
1154.50 0.11
1156.20 0.11
1158.00 0.11
1159.70 0.11
1161.50 0.11
1163.30 0.11
1165.00 0.11
1166.80 0.11
1168.60 0.11
1170.30 0.11
1172.10 0.11
1173.90 0.11
1175.60 0.11
1177.40 0.11
1179.20 0.11
1180.90 0.11
1182.70 0.11
1184.50 0.11
1186.20 0.11
1188.00 0.11
1189.70 0.11
1191.50 0.11
1193.30 0.11
1195.00 0.11
1196.80 0.11
1198.60 0.11
1200.30 0.11
