#      wvl       a       b       c      rmse
375.594000 0.008650566966 1.234254071835 0.000262336524 0.000032715869
385.263000 0.007935525082 1.068772763453 0.000191181961 0.000015883277
394.936000 0.007305377192 0.904991169055 0.000017480639 0.000001355416
404.613000 0.007230892851 1.059344578207 -0.000335276340 0.000016184211
414.295000 0.007034238412 0.951242299051 -0.000152648268 0.000025870452
423.981000 0.006553836316 0.609502449006 0.000328146787 0.000015170187
433.671000 0.006004403257 0.366726919279 0.000573132565 0.000011413456
443.366000 0.005621518434 0.267208444499 0.000530283483 0.000018321008
453.066000 0.005485767899 0.458844341598 0.000113089844 0.000005447593
462.769000 0.005263265848 0.477618855096 0.000003550958 0.000006927629
472.477000 0.005268456481 0.577409025520 -0.000162771569 0.000006595763
482.190000 0.005396407908 0.749061719371 -0.000433163700 0.000004520918
491.907000 0.005478985230 0.470156138094 0.000113621082 0.000003910934
501.628000 0.005419314028 0.585095818222 -0.000145121419 0.000007780571
511.354000 0.005397571248 0.433210298121 0.000158226733 0.000004903569
521.084000 0.005344798020 0.367952881566 0.000302957682 0.000025077636
530.818000 0.005237736670 0.563080173690 -0.000157505882 0.000003355765
540.557000 0.005279583786 0.608129686527 -0.000251358576 0.000010484567
550.300000 0.004858264508 0.371764009732 0.000097587870 0.000005130984
560.048000 0.004788163921 0.342386187260 0.000136679544 0.000027012036
569.800000 0.004712572906 0.203453350431 0.000393523715 0.000012825325
579.556000 0.004589183296 0.423377721683 -0.000099870899 0.000002893974
589.317000 0.004529227247 0.442846420526 -0.000181876751 0.000003409014
599.082000 0.004556691901 0.508751799032 -0.000319615001 0.000023866591
608.852000 0.004415000046 0.429999449286 -0.000181611645 0.000027110515
618.625000 0.004245537906 0.199472363019 0.000273911081 0.000001302614
628.404000 0.004317959323 0.269428392761 0.000160014044 0.000014271139
638.186000 0.004411413781 0.392849245928 -0.000103314589 0.000006304553
647.974000 0.004333170701 0.326121028225 0.000001095111 0.000019414262
657.765000 0.004338901100 0.450056670918 -0.000243725881 0.000004678017
667.561000 0.004416846899 0.451306174736 -0.000249146815 0.000021783774
655.792000 0.004331302389 0.413119802804 -0.000172373599 0.000002993413
665.599000 0.004398752061 0.461274137599 -0.000268406682 0.000019594051
675.401000 0.004446998557 0.352436509715 -0.000022074375 0.000009321425
685.198000 0.004474356240 0.335192116112 0.000033378965 0.000000001935
694.989000 0.004436108552 0.330578816435 0.000038099359 0.000000426588
704.776000 0.004417749852 0.310864195118 0.000076660799 0.000008297546
714.557000 0.004494017812 0.346936395516 0.000018947589 0.000009879955
724.333000 0.004560336379 0.349581056045 0.000063624297 0.000006324835
734.103000 0.004608123247 0.340066357451 0.000079540166 0.000004890635
743.869000 0.004548173465 0.376510360023 -0.000040097639 0.000006298540
753.629000 0.004475570781 0.392519847608 -0.000121129106 0.000000791776
763.384000 0.004397672958 0.327450988140 0.000042901084 0.000001185554
773.133000 0.004455090568 0.327225117578 0.000083067341 0.000001467927
782.878000 0.004687557146 0.404083865921 -0.000034145907 0.000003382852
792.617000 0.004557582836 0.376914905783 -0.000009341371 0.000003041564
802.352000 0.004546514727 0.369857123777 -0.000026074571 0.000009385851
812.081000 0.004603995748 0.374491855694 -0.000014759469 0.000018233207
821.804000 0.004640476782 0.420381969534 -0.000170263192 0.000012281578
831.523000 0.004446598601 0.387266000099 -0.000143098888 0.000000610076
841.236000 0.004329267909 0.349705853171 -0.000061091605 0.000005521059
850.944000 0.004251780770 0.323876149685 -0.000012007347 0.000013190925
860.647000 0.004197598085 0.302030298641 0.000023874487 0.000006467109
870.345000 0.004241336079 0.330970558443 -0.000048201770 0.000004222523
880.037000 0.004202735323 0.305889891506 0.000004758389 0.000012041558
889.724000 0.004109327253 0.285600703516 0.000039731930 0.000011389107
899.407000 0.004030464029 0.302307573542 -0.000035737281 0.000001224168
909.083000 0.004014242726 0.314971623289 -0.000089758953 0.000004859750
918.755000 0.003896997729 0.272821825874 -0.000028775614 0.000010924974
928.421000 0.003825476636 0.218494993210 0.000124106719 0.000004941489
938.083000 0.003781953407 0.196886702377 0.000189745221 0.000007041171
947.739000 0.003778591428 0.282944266268 -0.000173884784 0.000003809787
957.389000 0.003620972961 0.224362813406 0.000007725237 0.000002358479
967.035000 0.003549757378 0.211448834533 0.000019910773 0.000001302834
976.675000 0.003462130361 0.220539422932 -0.000029122023 0.000005600014
986.311000 0.003373265669 0.197803861931 0.000003940936 0.000007544234
995.941000 0.003296875609 0.187869425119 0.000008493670 0.000000523705
1005.570000 0.003230570946 0.176684486817 0.000016307570 0.000005706213
1015.180000 0.003182321392 0.178190952368 0.000001692457 0.000001236290
1024.800000 0.003142431595 0.179362431029 -0.000009908669 0.000000037530
1034.410000 0.003100531473 0.175068884669 -0.000016841565 0.000001799692
1044.010000 0.003060696188 0.169366957998 -0.000017185977 0.000000649187
1053.610000 0.003021883506 0.158483949869 0.000002323401 0.000003273591
1063.200000 0.002991962517 0.161655026847 -0.000012465194 0.000001083484
1072.790000 0.002953043498 0.160931647104 -0.000014372594 0.000001441650
1082.380000 0.002915432301 0.154002635786 -0.000009658888 0.000000035552
1091.950000 0.002886520601 0.148090530510 -0.000002960691 0.000004753051
1101.530000 0.002871695764 0.144343042024 -0.000002419731 0.000002332435
1111.090000 0.002878797529 0.130157090612 0.000032501723 0.000006180551
1120.660000 0.002868786757 0.152572415594 -0.000063841706 0.000001481524
1130.210000 0.002708831898 0.115730418229 0.000093176651 0.000000224534
1139.760000 0.002718516036 0.123016344513 0.000042807088 0.000000432413
1149.310000 0.002727022535 0.135341335755 -0.000017493451 0.000003438839
1158.850000 0.002706564608 0.116867913812 0.000034844538 0.000002678602
1168.390000 0.002679359485 0.119682116452 0.000024212378 0.000001222160
1177.920000 0.002659254836 0.122505878966 0.000007883401 0.000001573683
1187.450000 0.002641012949 0.127148797304 -0.000007111792 0.000001152001
1196.970000 0.002617763661 0.120831101333 -0.000001122648 0.000003072195
1206.480000 0.002595246761 0.122277964177 -0.000008128484 0.000002087336
1215.990000 0.002568815801 0.113781007098 0.000011376706 0.000000660383
1225.500000 0.002554980662 0.111330628998 0.000011709304 0.000000523369
1235.000000 0.002549079856 0.117729248533 -0.000007078162 0.000000014289
1244.490000 0.002535235446 0.118260637514 -0.000012017901 0.000000395513
1253.980000 0.002513821467 0.115748728054 -0.000010382223 0.000000411571
1263.460000 0.002487992358 0.114454725776 -0.000011342024 0.000001149943
1253.370000 0.002515290111 0.115651981838 -0.000010122952 0.000000569904
1263.350000 0.002488304030 0.114545533302 -0.000011474364 0.000001142187
1273.320000 0.002456415272 0.106456652589 0.000002421969 0.000000776571
1283.290000 0.002431815899 0.104845152252 0.000001419807 0.000003488381
1293.260000 0.002418739172 0.104806940961 -0.000005897418 0.000001380913
1303.230000 0.002395500008 0.096008840915 0.000016552930 0.000003699146
1313.210000 0.002389160401 0.100451036363 0.000000193337 0.000002234683
1323.180000 0.002393689485 0.099598483386 -0.000001172469 0.000005548668
1333.150000 0.002362738822 0.086922773362 0.000045507279 0.000003395411
1343.120000 0.002531927501 0.060174931296 0.000101833392 0.000000217373
1353.090000 0.004006769023 0.179598086286 -0.000964267429 0.000002920430
1363.060000 0.005090756200 0.340277911020 -0.002244655462 0.000000613277
1373.030000 0.004492843481 0.316980556654 -0.001822265873 0.000000029951
1383.000000 0.004120509143 0.334395554107 -0.001689167772 0.000000011194
1392.970000 0.005718900179 0.346758246765 -0.002685021809 0.000001781319
1402.940000 0.005082038478 0.358959574672 -0.002365392136 0.000000525291
1412.910000 0.005627096308 0.332255319881 -0.002576971580 0.000001616773
1422.880000 0.005678543702 0.416473868881 -0.002995511816 0.000002567995
1432.850000 0.003109379243 0.202854026756 -0.000720829980 0.000000971827
1442.810000 0.002192094517 0.043027232938 0.000211586559 0.000002178902
1452.780000 0.002206910223 0.065279875765 0.000109952898 0.000001536600
1462.750000 0.002281342088 0.087048586693 0.000004571032 0.000001148660
1472.720000 0.002293904543 0.089511701861 -0.000017862561 0.000000191710
1482.680000 0.002206067077 0.065906258199 0.000071149920 0.000003886190
1492.650000 0.002181789389 0.075012991579 0.000028964628 0.000003639636
1502.620000 0.002160171130 0.077732844870 0.000019471925 0.000000134681
1512.590000 0.002154351066 0.076520308210 0.000020468706 0.000002911151
1522.550000 0.002159135424 0.080331868631 0.000006295264 0.000000964059
1532.520000 0.002167740618 0.083283276860 -0.000000455555 0.000002403812
1542.480000 0.002179741106 0.083421647799 0.000003958634 0.000000291853
1552.450000 0.002191892416 0.084224579910 0.000002129581 0.000001542929
1562.420000 0.002185482586 0.084128340632 0.000001457855 0.000003088159
1572.380000 0.002165621415 0.081602195811 0.000005753726 0.000000372131
1582.350000 0.002159117917 0.084288757558 -0.000005666129 0.000003831446
1592.310000 0.002143729963 0.081621745340 0.000000096427 0.000001816328
1602.280000 0.002125305074 0.078899534411 0.000001760268 0.000002292294
1612.240000 0.002109623731 0.079832390364 -0.000005068344 0.000001029219
1622.200000 0.002108371461 0.081369965765 -0.000011768491 0.000001656329
1632.170000 0.002112739849 0.079526947521 -0.000004500866 0.000001972229
1642.130000 0.002112690663 0.079274066227 -0.000000764716 0.000000642106
1652.090000 0.002109432533 0.079031566840 -0.000003876401 0.000000725664
1662.060000 0.002098767869 0.077990016157 -0.000001173867 0.000000024578
1672.020000 0.002089602591 0.075295485370 0.000007145149 0.000000237653
1681.980000 0.002090447683 0.078272150820 -0.000004693280 0.000000036463
1691.950000 0.002088498806 0.082283233686 -0.000022015205 0.000002458890
1701.910000 0.002058791193 0.072557277219 0.000008398360 0.000000193814
1711.870000 0.002051003289 0.072021117224 0.000009359978 0.000000458432
1721.830000 0.002054752100 0.072827318214 0.000006706895 0.000000395872
1731.790000 0.002053159840 0.072613667355 0.000009455479 0.000000558626
1741.750000 0.002062873895 0.078416974280 -0.000013518377 0.000000580841
1751.710000 0.002040887020 0.071859316336 0.000010055114 0.000003645150
1761.680000 0.002044999222 0.072521759201 0.000005936550 0.000001681029
1771.640000 0.002037024232 0.068027713106 0.000027883578 0.000000253409
1781.600000 0.002073745312 0.075096788487 -0.000003342968 0.000000509744
1791.560000 0.002099142303 0.067664899445 0.000015540416 0.000000283929
1801.520000 0.002090904984 0.057768838935 0.000048287684 0.000001232708
1811.470000 0.004632381189 0.319052805047 -0.002072830829 0.000002216914
1821.430000 0.007537272974 0.310870805501 -0.003664390357 0.000001103052
1831.390000 0.007847382417 0.327208128139 -0.003946620591 0.000002201470
1841.350000 0.008165814536 0.285162835989 -0.003816512005 0.000000370082
1851.310000 0.008261844253 0.278508155253 -0.003815216709 0.000000163626
1861.270000 0.011450592171 0.234112090525 -0.005000846912 0.000001481278
1871.230000 0.007097044605 0.288198743347 -0.003265472674 0.000001232200
1872.380000 0.008185864779 0.298057829344 -0.003924861912 0.000001231070
1866.860000 0.008739088440 0.281822299293 -0.004096476824 0.000000113144
1876.930000 0.008122159852 0.295365634863 -0.003868690181 0.000000842313
1886.980000 0.006782870619 0.296028828667 -0.003139446743 0.000002169806
1897.040000 0.009945959552 0.240228802200 -0.004323131849 0.000000430121
1907.100000 0.007715834576 0.275015086028 -0.003490880569 0.000000106566
1917.150000 0.006418029948 0.297395527506 -0.002946562011 0.000001766538
1927.200000 0.006513584289 0.312629841134 -0.003089893782 0.000002585047
1937.250000 0.005323236350 0.321670065280 -0.002459568319 0.000000666529
1947.290000 0.004866480670 0.315578615530 -0.002159554437 0.000001284359
1957.330000 0.002449133026 0.089518733471 -0.000140552061 0.000002536498
1967.380000 0.002175229332 0.059672029357 0.000074822911 0.000000183692
1977.410000 0.002135390746 0.071594464091 0.000038823971 0.000000522316
1987.450000 0.002157527696 0.086110185766 -0.000025890339 0.000000462406
1997.480000 0.002120900412 0.065959674680 0.000056513283 0.000001709577
2007.520000 0.002109334521 0.075153649575 0.000007908687 0.000001576790
2017.540000 0.002085828901 0.072105451258 0.000012774732 0.000003075278
2027.570000 0.002072651484 0.065357385723 0.000037140401 0.000002654416
2037.600000 0.002068634635 0.076619135141 -0.000006719108 0.000000777576
2047.620000 0.002067739584 0.075960770880 -0.000003173813 0.000000787621
2057.640000 0.002048157507 0.071776518190 0.000013263735 0.000000890304
2067.660000 0.002056424328 0.071519690581 0.000013848332 0.000001440894
2077.670000 0.002086623744 0.076020039417 -0.000001910038 0.000001159690
2087.680000 0.002088559864 0.077571374390 -0.000002747475 0.000000405329
2097.700000 0.002092717748 0.077714520188 0.000001253456 0.000002781857
2107.700000 0.002084768230 0.075045747427 0.000015001386 0.000000584360
2117.710000 0.002086932349 0.075859591476 0.000008757002 0.000001487587
2127.710000 0.002085733406 0.077453519403 -0.000003451247 0.000000546455
2137.720000 0.002061374331 0.073320211837 0.000012296314 0.000000150065
2147.710000 0.002046925317 0.070352198953 0.000023247803 0.000001709099
2157.710000 0.002054977964 0.072807036213 0.000012691415 0.000002340927
2167.710000 0.002057016278 0.072057579894 0.000020096026 0.000000083064
2177.700000 0.002071920131 0.074034190799 0.000014601639 0.000001480606
2187.690000 0.002113001796 0.082503749665 -0.000021866119 0.000001041130
2197.680000 0.002093470340 0.076051392684 0.000005101839 0.000000521463
2207.660000 0.002107720087 0.080492312776 -0.000017236035 0.000001878866
2217.650000 0.002081786360 0.076424548908 -0.000002603388 0.000000023310
2227.630000 0.002061375533 0.075643183606 -0.000000944018 0.000000120575
2237.600000 0.002058850201 0.077594433093 -0.000013879646 0.000000808179
2247.580000 0.002037742068 0.073135258637 0.000000696782 0.000000767576
2257.550000 0.002034491450 0.074009224893 -0.000002321325 0.000000501780
2267.530000 0.002028502454 0.072446882611 0.000001929270 0.000000771198
2277.500000 0.002025686172 0.071398278943 0.000004020909 0.000000135221
2287.460000 0.002030731939 0.073629158036 -0.000006344609 0.000000553962
2297.430000 0.002020619729 0.072267657126 -0.000001169153 0.000000489363
2307.390000 0.002023703018 0.074347583629 -0.000011919855 0.000000020360
2317.350000 0.002006371575 0.069704849820 0.000006432631 0.000000111898
2327.310000 0.002012289232 0.071309448645 -0.000001755655 0.000001099132
2337.260000 0.002024524447 0.073056839296 -0.000009624420 0.000001974855
2347.220000 0.002017215569 0.070633450916 0.000006136269 0.000000293472
2357.170000 0.002019982161 0.070101931134 0.000010855636 0.000000193274
2367.110000 0.002044487743 0.072254330449 0.000000764703 0.000001338899
2377.060000 0.002003808586 0.066273548511 0.000035465769 0.000001627129
2387.010000 0.002051826578 0.075228900049 -0.000010111808 0.000001311935
2396.950000 0.002044540960 0.074100818212 -0.000006671458 0.000000099189
2406.890000 0.002024108432 0.067494675065 0.000021027868 0.000001306984
2416.820000 0.002045572759 0.075602065714 -0.000019222418 0.000001534938
2426.760000 0.002062083002 0.077194460893 -0.000032451103 0.000000804370
2436.690000 0.002025223351 0.072117336187 -0.000004510136 0.000000371743
2446.620000 0.001914490986 0.042811797640 0.000144125735 0.000000657331
2456.550000 0.002039302285 0.066930683103 0.000018440867 0.000000100225
2466.470000 0.002004760526 0.053990776090 0.000085693220 0.000000031406
2476.400000 0.003829380219 0.193147543973 -0.001121817746 0.000002591560
2486.320000 0.007534184365 0.314488422663 -0.003658967962 0.000002477351
2496.240000 0.004528990591 0.314126999420 -0.001960476494 0.000000470722
7.513000000000000000e+03 0.000000000000000000e+00 0.000000000000000000e+00 5.763887687008628462e-03 0.000000000000000000e+00
7.531000000000000000e+03 0.000000000000000000e+00 0.000000000000000000e+00 5.769374008364737579e-03 0.000000000000000000e+00
7.548600000000000364e+03 0.000000000000000000e+00 0.000000000000000000e+00 5.586658667938082003e-03 0.000000000000000000e+00
7.566300000000000182e+03 0.000000000000000000e+00 0.000000000000000000e+00 5.435067724206728464e-03 0.000000000000000000e+00
7.583899999999999636e+03 0.000000000000000000e+00 0.000000000000000000e+00 5.231672238319427272e-03 0.000000000000000000e+00
7.601600000000000364e+03 0.000000000000000000e+00 0.000000000000000000e+00 5.139930301332263848e-03 0.000000000000000000e+00
7.619199999999999818e+03 0.000000000000000000e+00 0.000000000000000000e+00 4.923614911929044199e-03 0.000000000000000000e+00
7.636899999999999636e+03 0.000000000000000000e+00 0.000000000000000000e+00 4.803707199033165759e-03 0.000000000000000000e+00
7.654500000000000000e+03 0.000000000000000000e+00 0.000000000000000000e+00 4.688591406756538807e-03 0.000000000000000000e+00
7.672199999999999818e+03 0.000000000000000000e+00 0.000000000000000000e+00 4.032328390661896016e-03 0.000000000000000000e+00
7.689800000000000182e+03 0.000000000000000000e+00 0.000000000000000000e+00 4.009895244974865346e-03 0.000000000000000000e+00
7.707500000000000000e+03 0.000000000000000000e+00 0.000000000000000000e+00 3.987312743824397709e-03 0.000000000000000000e+00
7.725100000000000364e+03 0.000000000000000000e+00 0.000000000000000000e+00 3.939618212776166244e-03 0.000000000000000000e+00
7.742800000000000182e+03 0.000000000000000000e+00 0.000000000000000000e+00 3.853034121707506893e-03 0.000000000000000000e+00
7.760399999999999636e+03 0.000000000000000000e+00 0.000000000000000000e+00 3.734374151217780859e-03 0.000000000000000000e+00
7.778100000000000364e+03 0.000000000000000000e+00 0.000000000000000000e+00 3.612046447140282966e-03 0.000000000000000000e+00
7.795699999999999818e+03 0.000000000000000000e+00 0.000000000000000000e+00 3.513611599356659607e-03 0.000000000000000000e+00
7.813399999999999636e+03 0.000000000000000000e+00 0.000000000000000000e+00 3.416717009869567508e-03 0.000000000000000000e+00
7.831000000000000000e+03 0.000000000000000000e+00 0.000000000000000000e+00 3.318772850381817262e-03 0.000000000000000000e+00
7.848600000000000364e+03 0.000000000000000000e+00 0.000000000000000000e+00 3.231009096485658403e-03 0.000000000000000000e+00
7.866300000000000182e+03 0.000000000000000000e+00 0.000000000000000000e+00 3.189686450214404556e-03 0.000000000000000000e+00
7.883899999999999636e+03 0.000000000000000000e+00 0.000000000000000000e+00 3.156004817493346035e-03 0.000000000000000000e+00
7.901600000000000364e+03 0.000000000000000000e+00 0.000000000000000000e+00 3.154153550365489979e-03 0.000000000000000000e+00
7.919199999999999818e+03 0.000000000000000000e+00 0.000000000000000000e+00 3.152202594792745654e-03 0.000000000000000000e+00
7.936899999999999636e+03 0.000000000000000000e+00 0.000000000000000000e+00 3.163976742249937496e-03 0.000000000000000000e+00
7.954500000000000000e+03 0.000000000000000000e+00 0.000000000000000000e+00 3.164430791671659846e-03 0.000000000000000000e+00
7.972199999999999818e+03 0.000000000000000000e+00 0.000000000000000000e+00 3.195889803778943512e-03 0.000000000000000000e+00
7.989800000000000182e+03 0.000000000000000000e+00 0.000000000000000000e+00 3.164201210377725389e-03 0.000000000000000000e+00
8.007500000000000000e+03 0.000000000000000000e+00 0.000000000000000000e+00 3.166973563022905218e-03 0.000000000000000000e+00
8.025100000000000364e+03 0.000000000000000000e+00 0.000000000000000000e+00 3.171383043713562992e-03 0.000000000000000000e+00
8.042799999999999272e+03 0.000000000000000000e+00 0.000000000000000000e+00 3.208531734707252645e-03 0.000000000000000000e+00
8.060399999999999636e+03 0.000000000000000000e+00 0.000000000000000000e+00 3.209307103487050311e-03 0.000000000000000000e+00
8.078099999999999454e+03 0.000000000000000000e+00 0.000000000000000000e+00 3.255775758071417520e-03 0.000000000000000000e+00
8.095700000000000728e+03 0.000000000000000000e+00 0.000000000000000000e+00 3.238231744244695655e-03 0.000000000000000000e+00
8.113400000000000546e+03 0.000000000000000000e+00 0.000000000000000000e+00 3.239601838288895270e-03 0.000000000000000000e+00
8.131000000000000000e+03 0.000000000000000000e+00 0.000000000000000000e+00 3.242613584482434766e-03 0.000000000000000000e+00
8.148600000000000364e+03 0.000000000000000000e+00 0.000000000000000000e+00 3.258489303889357085e-03 0.000000000000000000e+00
8.166299999999999272e+03 0.000000000000000000e+00 0.000000000000000000e+00 3.474541497942490887e-03 0.000000000000000000e+00
8.183899999999999636e+03 0.000000000000000000e+00 0.000000000000000000e+00 3.729256060252951303e-03 0.000000000000000000e+00
8.201599999999998545e+03 0.000000000000000000e+00 0.000000000000000000e+00 3.696424692373856836e-03 0.000000000000000000e+00
8.219200000000000728e+03 0.000000000000000000e+00 0.000000000000000000e+00 3.653168585493111065e-03 0.000000000000000000e+00
8.236899999999999636e+03 0.000000000000000000e+00 0.000000000000000000e+00 3.597764369190361699e-03 0.000000000000000000e+00
8.254500000000000000e+03 0.000000000000000000e+00 0.000000000000000000e+00 3.538860608638109539e-03 0.000000000000000000e+00
8.272199999999998909e+03 0.000000000000000000e+00 0.000000000000000000e+00 3.456631843252994281e-03 0.000000000000000000e+00
8.289799999999999272e+03 0.000000000000000000e+00 0.000000000000000000e+00 3.389027321390074027e-03 0.000000000000000000e+00
8.307500000000000000e+03 0.000000000000000000e+00 0.000000000000000000e+00 3.317077396915212376e-03 0.000000000000000000e+00
8.325100000000000364e+03 0.000000000000000000e+00 0.000000000000000000e+00 3.274378203656184462e-03 0.000000000000000000e+00
8.342800000000001091e+03 0.000000000000000000e+00 0.000000000000000000e+00 3.249696144815402993e-03 0.000000000000000000e+00
8.360399999999999636e+03 0.000000000000000000e+00 0.000000000000000000e+00 3.251625994730714640e-03 0.000000000000000000e+00
8.378100000000000364e+03 0.000000000000000000e+00 0.000000000000000000e+00 3.279254258627630706e-03 0.000000000000000000e+00
8.395699999999998909e+03 0.000000000000000000e+00 0.000000000000000000e+00 3.261252274095490736e-03 0.000000000000000000e+00
8.413399999999999636e+03 0.000000000000000000e+00 0.000000000000000000e+00 3.298137123770502992e-03 0.000000000000000000e+00
8.431000000000000000e+03 0.000000000000000000e+00 0.000000000000000000e+00 3.304019781118506735e-03 0.000000000000000000e+00
8.448600000000000364e+03 0.000000000000000000e+00 0.000000000000000000e+00 3.315823174293131871e-03 0.000000000000000000e+00
8.466300000000001091e+03 0.000000000000000000e+00 0.000000000000000000e+00 3.306952864241146251e-03 0.000000000000000000e+00
8.483899999999999636e+03 0.000000000000000000e+00 0.000000000000000000e+00 3.340004235611922917e-03 0.000000000000000000e+00
8.501600000000000364e+03 0.000000000000000000e+00 0.000000000000000000e+00 3.359228224270950896e-03 0.000000000000000000e+00
8.519199999999998909e+03 0.000000000000000000e+00 0.000000000000000000e+00 3.378363607521327628e-03 0.000000000000000000e+00
8.536899999999999636e+03 0.000000000000000000e+00 0.000000000000000000e+00 3.375156659664590129e-03 0.000000000000000000e+00
8.554500000000000000e+03 0.000000000000000000e+00 0.000000000000000000e+00 3.383852793038050286e-03 0.000000000000000000e+00
8.572200000000000728e+03 0.000000000000000000e+00 0.000000000000000000e+00 3.404398953774822028e-03 0.000000000000000000e+00
8.589800000000001091e+03 0.000000000000000000e+00 0.000000000000000000e+00 3.397557765663695908e-03 0.000000000000000000e+00
8.607500000000000000e+03 0.000000000000000000e+00 0.000000000000000000e+00 3.400014231323048204e-03 0.000000000000000000e+00
8.625100000000000364e+03 0.000000000000000000e+00 0.000000000000000000e+00 3.381116952132895079e-03 0.000000000000000000e+00
8.642799999999999272e+03 0.000000000000000000e+00 0.000000000000000000e+00 3.369820981337588815e-03 0.000000000000000000e+00
8.660399999999999636e+03 0.000000000000000000e+00 0.000000000000000000e+00 3.361888933334751875e-03 0.000000000000000000e+00
8.678100000000000364e+03 0.000000000000000000e+00 0.000000000000000000e+00 3.555218019525642568e-03 0.000000000000000000e+00
8.695700000000000728e+03 0.000000000000000000e+00 0.000000000000000000e+00 3.502010404481376623e-03 0.000000000000000000e+00
8.713399999999999636e+03 0.000000000000000000e+00 0.000000000000000000e+00 3.518342858165730575e-03 0.000000000000000000e+00
8.731000000000000000e+03 0.000000000000000000e+00 0.000000000000000000e+00 3.564243424634276451e-03 0.000000000000000000e+00
8.748600000000000364e+03 0.000000000000000000e+00 0.000000000000000000e+00 3.593903725487513235e-03 0.000000000000000000e+00
8.766299999999999272e+03 0.000000000000000000e+00 0.000000000000000000e+00 3.603965821564012340e-03 0.000000000000000000e+00
8.783899999999999636e+03 0.000000000000000000e+00 0.000000000000000000e+00 3.667175968660597429e-03 0.000000000000000000e+00
8.801600000000000364e+03 0.000000000000000000e+00 0.000000000000000000e+00 3.660964151302428110e-03 0.000000000000000000e+00
8.819200000000000728e+03 0.000000000000000000e+00 0.000000000000000000e+00 3.739862618729688191e-03 0.000000000000000000e+00
8.836899999999999636e+03 0.000000000000000000e+00 0.000000000000000000e+00 3.725019106573026866e-03 0.000000000000000000e+00
8.854500000000000000e+03 0.000000000000000000e+00 0.000000000000000000e+00 3.766522530595396625e-03 0.000000000000000000e+00
8.872199999999998909e+03 0.000000000000000000e+00 0.000000000000000000e+00 3.767501606819967028e-03 0.000000000000000000e+00
8.889799999999999272e+03 0.000000000000000000e+00 0.000000000000000000e+00 3.820475899056773299e-03 0.000000000000000000e+00
8.907500000000000000e+03 0.000000000000000000e+00 0.000000000000000000e+00 3.805313258959122646e-03 0.000000000000000000e+00
8.925100000000000364e+03 0.000000000000000000e+00 0.000000000000000000e+00 3.788460146904131659e-03 0.000000000000000000e+00
8.942799999999999272e+03 0.000000000000000000e+00 0.000000000000000000e+00 3.790790920050024927e-03 0.000000000000000000e+00
8.960399999999999636e+03 0.000000000000000000e+00 0.000000000000000000e+00 3.806439475371653069e-03 0.000000000000000000e+00
8.978100000000000364e+03 0.000000000000000000e+00 0.000000000000000000e+00 3.781055022636925500e-03 0.000000000000000000e+00
8.995699999999998909e+03 0.000000000000000000e+00 0.000000000000000000e+00 3.744847661204668207e-03 0.000000000000000000e+00
9.013400000000001455e+03 0.000000000000000000e+00 0.000000000000000000e+00 3.730281033447293334e-03 0.000000000000000000e+00
9.031000000000000000e+03 0.000000000000000000e+00 0.000000000000000000e+00 3.656661132556670354e-03 0.000000000000000000e+00
9.048600000000000364e+03 0.000000000000000000e+00 0.000000000000000000e+00 3.607243498118989627e-03 0.000000000000000000e+00
9.066299999999999272e+03 0.000000000000000000e+00 0.000000000000000000e+00 3.553710611936774545e-03 0.000000000000000000e+00
9.083899999999999636e+03 0.000000000000000000e+00 0.000000000000000000e+00 3.553297007152947037e-03 0.000000000000000000e+00
9.101600000000000364e+03 0.000000000000000000e+00 0.000000000000000000e+00 3.502323285278282228e-03 0.000000000000000000e+00
9.119199999999998909e+03 0.000000000000000000e+00 0.000000000000000000e+00 3.486976501230842126e-03 0.000000000000000000e+00
9.136900000000001455e+03 0.000000000000000000e+00 0.000000000000000000e+00 3.450951705645232195e-03 0.000000000000000000e+00
9.154500000000000000e+03 0.000000000000000000e+00 0.000000000000000000e+00 3.414164019317092544e-03 0.000000000000000000e+00
9.172200000000000728e+03 0.000000000000000000e+00 0.000000000000000000e+00 3.178235193569778436e-03 0.000000000000000000e+00
9.189799999999999272e+03 0.000000000000000000e+00 0.000000000000000000e+00 2.958537582638505383e-03 0.000000000000000000e+00
9.207500000000000000e+03 0.000000000000000000e+00 0.000000000000000000e+00 2.903507875302666769e-03 0.000000000000000000e+00
9.225099999999998545e+03 0.000000000000000000e+00 0.000000000000000000e+00 2.893677955524469325e-03 0.000000000000000000e+00
9.242800000000001091e+03 0.000000000000000000e+00 0.000000000000000000e+00 2.864980647028372764e-03 0.000000000000000000e+00
9.260400000000001455e+03 0.000000000000000000e+00 0.000000000000000000e+00 2.833070807427643441e-03 0.000000000000000000e+00
9.278100000000000364e+03 0.000000000000000000e+00 0.000000000000000000e+00 2.819132517954283431e-03 0.000000000000000000e+00
9.295700000000000728e+03 0.000000000000000000e+00 0.000000000000000000e+00 2.819875812864979653e-03 0.000000000000000000e+00
9.313399999999999636e+03 0.000000000000000000e+00 0.000000000000000000e+00 2.801833713397612353e-03 0.000000000000000000e+00
9.331000000000000000e+03 0.000000000000000000e+00 0.000000000000000000e+00 2.823625471084844057e-03 0.000000000000000000e+00
9.348599999999998545e+03 0.000000000000000000e+00 0.000000000000000000e+00 2.811238392091941138e-03 0.000000000000000000e+00
9.366300000000001091e+03 0.000000000000000000e+00 0.000000000000000000e+00 2.818253797159260641e-03 0.000000000000000000e+00
9.383900000000001455e+03 0.000000000000000000e+00 0.000000000000000000e+00 2.813096158925158363e-03 0.000000000000000000e+00
9.401600000000000364e+03 0.000000000000000000e+00 0.000000000000000000e+00 2.832102783624076622e-03 0.000000000000000000e+00
9.419200000000000728e+03 0.000000000000000000e+00 0.000000000000000000e+00 2.840549316736008020e-03 0.000000000000000000e+00
9.436899999999999636e+03 0.000000000000000000e+00 0.000000000000000000e+00 2.870625737590252677e-03 0.000000000000000000e+00
9.454500000000000000e+03 0.000000000000000000e+00 0.000000000000000000e+00 2.905405965914571211e-03 0.000000000000000000e+00
9.472200000000000728e+03 0.000000000000000000e+00 0.000000000000000000e+00 2.919945755234382156e-03 0.000000000000000000e+00
9.489800000000001091e+03 0.000000000000000000e+00 0.000000000000000000e+00 2.972059026635130718e-03 0.000000000000000000e+00
9.507500000000000000e+03 0.000000000000000000e+00 0.000000000000000000e+00 2.982349120060460296e-03 0.000000000000000000e+00
9.525100000000000364e+03 0.000000000000000000e+00 0.000000000000000000e+00 2.997374530596866055e-03 0.000000000000000000e+00
9.542799999999999272e+03 0.000000000000000000e+00 0.000000000000000000e+00 2.993945024309464624e-03 0.000000000000000000e+00
9.560399999999999636e+03 0.000000000000000000e+00 0.000000000000000000e+00 3.023125611679147208e-03 0.000000000000000000e+00
9.578099999999998545e+03 0.000000000000000000e+00 0.000000000000000000e+00 2.998124686945741624e-03 0.000000000000000000e+00
9.595700000000000728e+03 0.000000000000000000e+00 0.000000000000000000e+00 3.011247216970788874e-03 0.000000000000000000e+00
9.613399999999999636e+03 0.000000000000000000e+00 0.000000000000000000e+00 2.981508089035066981e-03 0.000000000000000000e+00
9.631000000000000000e+03 0.000000000000000000e+00 0.000000000000000000e+00 2.994520160295220754e-03 0.000000000000000000e+00
9.648600000000000364e+03 0.000000000000000000e+00 0.000000000000000000e+00 2.961694039656403120e-03 0.000000000000000000e+00
9.666299999999999272e+03 0.000000000000000000e+00 0.000000000000000000e+00 3.840648126421294332e-03 0.000000000000000000e+00
9.683899999999999636e+03 0.000000000000000000e+00 0.000000000000000000e+00 3.065199734431760421e-03 0.000000000000000000e+00
9.701599999999998545e+03 0.000000000000000000e+00 0.000000000000000000e+00 2.424233166708351147e-03 0.000000000000000000e+00
9.719200000000000728e+03 0.000000000000000000e+00 0.000000000000000000e+00 2.411273448295219324e-03 0.000000000000000000e+00
9.736899999999999636e+03 0.000000000000000000e+00 0.000000000000000000e+00 2.349832674996420352e-03 0.000000000000000000e+00
9.754500000000000000e+03 0.000000000000000000e+00 0.000000000000000000e+00 2.319814927812792645e-03 0.000000000000000000e+00
9.772199999999998909e+03 0.000000000000000000e+00 0.000000000000000000e+00 2.288289891321884997e-03 0.000000000000000000e+00
9.789799999999999272e+03 0.000000000000000000e+00 0.000000000000000000e+00 2.242876280269185015e-03 0.000000000000000000e+00
9.807500000000000000e+03 0.000000000000000000e+00 0.000000000000000000e+00 2.174293998041636634e-03 0.000000000000000000e+00
9.825100000000000364e+03 0.000000000000000000e+00 0.000000000000000000e+00 2.112153535866393653e-03 0.000000000000000000e+00
9.842800000000001091e+03 0.000000000000000000e+00 0.000000000000000000e+00 2.061014841652146316e-03 0.000000000000000000e+00
9.860399999999999636e+03 0.000000000000000000e+00 0.000000000000000000e+00 2.027807295589610041e-03 0.000000000000000000e+00
9.878100000000000364e+03 0.000000000000000000e+00 0.000000000000000000e+00 1.990052911629782047e-03 0.000000000000000000e+00
9.895699999999998909e+03 0.000000000000000000e+00 0.000000000000000000e+00 1.957046602465838548e-03 0.000000000000000000e+00
9.913399999999999636e+03 0.000000000000000000e+00 0.000000000000000000e+00 1.919513653083614393e-03 0.000000000000000000e+00
9.931000000000000000e+03 0.000000000000000000e+00 0.000000000000000000e+00 1.882118265348783209e-03 0.000000000000000000e+00
9.948600000000000364e+03 0.000000000000000000e+00 0.000000000000000000e+00 1.835669443970189448e-03 0.000000000000000000e+00
9.966300000000001091e+03 0.000000000000000000e+00 0.000000000000000000e+00 1.809185623671178767e-03 0.000000000000000000e+00
9.983899999999999636e+03 0.000000000000000000e+00 0.000000000000000000e+00 1.786605649106834826e-03 0.000000000000000000e+00
1.000160000000000036e+04 0.000000000000000000e+00 0.000000000000000000e+00 1.756471731812202968e-03 0.000000000000000000e+00
1.001919999999999891e+04 0.000000000000000000e+00 0.000000000000000000e+00 1.732517365831859639e-03 0.000000000000000000e+00
1.003700000000000000e+04 0.000000000000000000e+00 0.000000000000000000e+00 1.717674827298073126e-03 0.000000000000000000e+00
1.005500000000000000e+04 0.000000000000000000e+00 0.000000000000000000e+00 1.696032144990512747e-03 0.000000000000000000e+00
1.007200000000000000e+04 0.000000000000000000e+00 0.000000000000000000e+00 1.671630778625514012e-03 0.000000000000000000e+00
1.009000000000000000e+04 0.000000000000000000e+00 0.000000000000000000e+00 1.655385602139450383e-03 0.000000000000000000e+00
1.010700000000000000e+04 0.000000000000000000e+00 0.000000000000000000e+00 1.648381023280689420e-03 0.000000000000000000e+00
1.012500000000000000e+04 0.000000000000000000e+00 0.000000000000000000e+00 1.639693146041909261e-03 0.000000000000000000e+00
1.014300000000000000e+04 0.000000000000000000e+00 0.000000000000000000e+00 1.624290287695380345e-03 0.000000000000000000e+00
1.016000000000000000e+04 0.000000000000000000e+00 0.000000000000000000e+00 1.609117789415139563e-03 0.000000000000000000e+00
1.017800000000000000e+04 0.000000000000000000e+00 0.000000000000000000e+00 1.664516317669607198e-03 0.000000000000000000e+00
1.019600000000000000e+04 0.000000000000000000e+00 0.000000000000000000e+00 1.730055286355224346e-03 0.000000000000000000e+00
1.021300000000000000e+04 0.000000000000000000e+00 0.000000000000000000e+00 1.732490774711319560e-03 0.000000000000000000e+00
1.023100000000000000e+04 0.000000000000000000e+00 0.000000000000000000e+00 1.733206990123595248e-03 0.000000000000000000e+00
1.024900000000000000e+04 0.000000000000000000e+00 0.000000000000000000e+00 1.741276711999983863e-03 0.000000000000000000e+00
1.026600000000000000e+04 0.000000000000000000e+00 0.000000000000000000e+00 1.742131737743728799e-03 0.000000000000000000e+00
1.028400000000000000e+04 0.000000000000000000e+00 0.000000000000000000e+00 1.753040084418462652e-03 0.000000000000000000e+00
1.030200000000000000e+04 0.000000000000000000e+00 0.000000000000000000e+00 1.750674441967201575e-03 0.000000000000000000e+00
1.031900000000000000e+04 0.000000000000000000e+00 0.000000000000000000e+00 1.744848806964070884e-03 0.000000000000000000e+00
1.033700000000000000e+04 0.000000000000000000e+00 0.000000000000000000e+00 1.735890642515897824e-03 0.000000000000000000e+00
1.035500000000000000e+04 0.000000000000000000e+00 0.000000000000000000e+00 1.734234293434485773e-03 0.000000000000000000e+00
1.037200000000000000e+04 0.000000000000000000e+00 0.000000000000000000e+00 1.734956982287012535e-03 0.000000000000000000e+00
1.039000000000000000e+04 0.000000000000000000e+00 0.000000000000000000e+00 1.733988186933606507e-03 0.000000000000000000e+00
1.040700000000000000e+04 0.000000000000000000e+00 0.000000000000000000e+00 1.723804090910093477e-03 0.000000000000000000e+00
1.042500000000000000e+04 0.000000000000000000e+00 0.000000000000000000e+00 1.719928260905128140e-03 0.000000000000000000e+00
1.044300000000000000e+04 0.000000000000000000e+00 0.000000000000000000e+00 1.704514436401407705e-03 0.000000000000000000e+00
1.046000000000000000e+04 0.000000000000000000e+00 0.000000000000000000e+00 1.696551796229322194e-03 0.000000000000000000e+00
1.047800000000000000e+04 0.000000000000000000e+00 0.000000000000000000e+00 1.699151665269397820e-03 0.000000000000000000e+00
1.049600000000000000e+04 0.000000000000000000e+00 0.000000000000000000e+00 1.701716349620005508e-03 0.000000000000000000e+00
1.051300000000000000e+04 0.000000000000000000e+00 0.000000000000000000e+00 1.690176352825797272e-03 0.000000000000000000e+00
1.053100000000000000e+04 0.000000000000000000e+00 0.000000000000000000e+00 1.694843225319107687e-03 0.000000000000000000e+00
1.054900000000000000e+04 0.000000000000000000e+00 0.000000000000000000e+00 1.712264847646648852e-03 0.000000000000000000e+00
1.056600000000000000e+04 0.000000000000000000e+00 0.000000000000000000e+00 1.732643970920276326e-03 0.000000000000000000e+00
1.058400000000000000e+04 0.000000000000000000e+00 0.000000000000000000e+00 1.752686079959253239e-03 0.000000000000000000e+00
1.060200000000000000e+04 0.000000000000000000e+00 0.000000000000000000e+00 1.781792167286200441e-03 0.000000000000000000e+00
1.061900000000000000e+04 0.000000000000000000e+00 0.000000000000000000e+00 1.821544340242979218e-03 0.000000000000000000e+00
1.063700000000000000e+04 0.000000000000000000e+00 0.000000000000000000e+00 1.855231551475463756e-03 0.000000000000000000e+00
1.065500000000000000e+04 0.000000000000000000e+00 0.000000000000000000e+00 1.892943774631382923e-03 0.000000000000000000e+00
1.067200000000000000e+04 0.000000000000000000e+00 0.000000000000000000e+00 1.924409011132901647e-03 0.000000000000000000e+00
1.069000000000000000e+04 0.000000000000000000e+00 0.000000000000000000e+00 1.702730837519494250e-03 0.000000000000000000e+00
1.070700000000000000e+04 0.000000000000000000e+00 0.000000000000000000e+00 1.723286915407262233e-03 0.000000000000000000e+00
1.072500000000000000e+04 0.000000000000000000e+00 0.000000000000000000e+00 1.774768994793763125e-03 0.000000000000000000e+00
1.074300000000000000e+04 0.000000000000000000e+00 0.000000000000000000e+00 1.797559274388425832e-03 0.000000000000000000e+00
1.076000000000000000e+04 0.000000000000000000e+00 0.000000000000000000e+00 1.834985013350121270e-03 0.000000000000000000e+00
1.077800000000000000e+04 0.000000000000000000e+00 0.000000000000000000e+00 1.863688496859234591e-03 0.000000000000000000e+00
1.079600000000000000e+04 0.000000000000000000e+00 0.000000000000000000e+00 1.908749277104026306e-03 0.000000000000000000e+00
1.081300000000000000e+04 0.000000000000000000e+00 0.000000000000000000e+00 1.933228118601232727e-03 0.000000000000000000e+00
1.083100000000000000e+04 0.000000000000000000e+00 0.000000000000000000e+00 1.962788392890290647e-03 0.000000000000000000e+00
1.084900000000000000e+04 0.000000000000000000e+00 0.000000000000000000e+00 1.994913151255872479e-03 0.000000000000000000e+00
1.086600000000000000e+04 0.000000000000000000e+00 0.000000000000000000e+00 2.024403798515178599e-03 0.000000000000000000e+00
1.088400000000000000e+04 0.000000000000000000e+00 0.000000000000000000e+00 2.065697967412467428e-03 0.000000000000000000e+00
1.090200000000000000e+04 0.000000000000000000e+00 0.000000000000000000e+00 2.098620986996929325e-03 0.000000000000000000e+00
1.091900000000000000e+04 0.000000000000000000e+00 0.000000000000000000e+00 2.129616734878761550e-03 0.000000000000000000e+00
1.093700000000000000e+04 0.000000000000000000e+00 0.000000000000000000e+00 2.171626018880190231e-03 0.000000000000000000e+00
1.095500000000000000e+04 0.000000000000000000e+00 0.000000000000000000e+00 2.200601748758227241e-03 0.000000000000000000e+00
1.097200000000000000e+04 0.000000000000000000e+00 0.000000000000000000e+00 2.243826129485702956e-03 0.000000000000000000e+00
1.099000000000000000e+04 0.000000000000000000e+00 0.000000000000000000e+00 2.275109495745800733e-03 0.000000000000000000e+00
1.100700000000000000e+04 0.000000000000000000e+00 0.000000000000000000e+00 2.310541117560957654e-03 0.000000000000000000e+00
1.102500000000000000e+04 0.000000000000000000e+00 0.000000000000000000e+00 2.340115966502384452e-03 0.000000000000000000e+00
1.104300000000000000e+04 0.000000000000000000e+00 0.000000000000000000e+00 2.376167119018321883e-03 0.000000000000000000e+00
1.106000000000000000e+04 0.000000000000000000e+00 0.000000000000000000e+00 2.412345056720028181e-03 0.000000000000000000e+00
1.107800000000000000e+04 0.000000000000000000e+00 0.000000000000000000e+00 2.437385782196203887e-03 0.000000000000000000e+00
1.109600000000000000e+04 0.000000000000000000e+00 0.000000000000000000e+00 2.496614420706780909e-03 0.000000000000000000e+00
1.111300000000000000e+04 0.000000000000000000e+00 0.000000000000000000e+00 2.528857877134680666e-03 0.000000000000000000e+00
1.113100000000000000e+04 0.000000000000000000e+00 0.000000000000000000e+00 2.570415011490416630e-03 0.000000000000000000e+00
1.114900000000000000e+04 0.000000000000000000e+00 0.000000000000000000e+00 2.616317734839388072e-03 0.000000000000000000e+00
1.116600000000000000e+04 0.000000000000000000e+00 0.000000000000000000e+00 2.678027629159082396e-03 0.000000000000000000e+00
1.118400000000000000e+04 0.000000000000000000e+00 0.000000000000000000e+00 2.577901469430979829e-03 0.000000000000000000e+00
1.119200000000000000e+04 0.000000000000000000e+00 0.000000000000000000e+00 2.513718557426552688e-03 0.000000000000000000e+00
1.120900000000000000e+04 0.000000000000000000e+00 0.000000000000000000e+00 2.531027838449162893e-03 0.000000000000000000e+00
1.122700000000000000e+04 0.000000000000000000e+00 0.000000000000000000e+00 2.581572533046316148e-03 0.000000000000000000e+00
1.124500000000000000e+04 0.000000000000000000e+00 0.000000000000000000e+00 2.606606361262493472e-03 0.000000000000000000e+00
1.126200000000000000e+04 0.000000000000000000e+00 0.000000000000000000e+00 2.658949971224325651e-03 0.000000000000000000e+00
1.128000000000000000e+04 0.000000000000000000e+00 0.000000000000000000e+00 2.737640893356357592e-03 0.000000000000000000e+00
1.129700000000000000e+04 0.000000000000000000e+00 0.000000000000000000e+00 2.812446601743344952e-03 0.000000000000000000e+00
1.131500000000000000e+04 0.000000000000000000e+00 0.000000000000000000e+00 2.878115383561305213e-03 0.000000000000000000e+00
1.133300000000000000e+04 0.000000000000000000e+00 0.000000000000000000e+00 2.994486215681279023e-03 0.000000000000000000e+00
1.135000000000000000e+04 0.000000000000000000e+00 0.000000000000000000e+00 3.117035435275141222e-03 0.000000000000000000e+00
1.136800000000000000e+04 0.000000000000000000e+00 0.000000000000000000e+00 3.239110369318606852e-03 0.000000000000000000e+00
1.138600000000000000e+04 0.000000000000000000e+00 0.000000000000000000e+00 3.372545515650352942e-03 0.000000000000000000e+00
1.140300000000000000e+04 0.000000000000000000e+00 0.000000000000000000e+00 3.515233082119416288e-03 0.000000000000000000e+00
1.142100000000000000e+04 0.000000000000000000e+00 0.000000000000000000e+00 3.686265722527629941e-03 0.000000000000000000e+00
1.143900000000000000e+04 0.000000000000000000e+00 0.000000000000000000e+00 3.863898297266383976e-03 0.000000000000000000e+00
1.145600000000000000e+04 0.000000000000000000e+00 0.000000000000000000e+00 4.061836991287249427e-03 0.000000000000000000e+00
1.147400000000000000e+04 0.000000000000000000e+00 0.000000000000000000e+00 4.305026800948195780e-03 0.000000000000000000e+00
1.149200000000000000e+04 0.000000000000000000e+00 0.000000000000000000e+00 4.521302460515390191e-03 0.000000000000000000e+00
1.150900000000000000e+04 0.000000000000000000e+00 0.000000000000000000e+00 4.783123265458495699e-03 0.000000000000000000e+00
1.152700000000000000e+04 0.000000000000000000e+00 0.000000000000000000e+00 5.052761978102601748e-03 0.000000000000000000e+00
1.154500000000000000e+04 0.000000000000000000e+00 0.000000000000000000e+00 5.308527301171992244e-03 0.000000000000000000e+00
1.156200000000000000e+04 0.000000000000000000e+00 0.000000000000000000e+00 5.615551848195406148e-03 0.000000000000000000e+00
1.158000000000000000e+04 0.000000000000000000e+00 0.000000000000000000e+00 5.906540989656574626e-03 0.000000000000000000e+00
1.159700000000000000e+04 0.000000000000000000e+00 0.000000000000000000e+00 6.278510631649981619e-03 0.000000000000000000e+00
1.161500000000000000e+04 0.000000000000000000e+00 0.000000000000000000e+00 6.676325813842974230e-03 0.000000000000000000e+00
1.163300000000000000e+04 0.000000000000000000e+00 0.000000000000000000e+00 6.964415545894417185e-03 0.000000000000000000e+00
1.165000000000000000e+04 0.000000000000000000e+00 0.000000000000000000e+00 7.241603183762932057e-03 0.000000000000000000e+00
1.166800000000000000e+04 0.000000000000000000e+00 0.000000000000000000e+00 7.552027587631216475e-03 0.000000000000000000e+00
1.168600000000000000e+04 0.000000000000000000e+00 0.000000000000000000e+00 7.863112500803164789e-03 0.000000000000000000e+00
1.170300000000000000e+04 0.000000000000000000e+00 0.000000000000000000e+00 8.183931648296925015e-03 0.000000000000000000e+00
1.172100000000000000e+04 0.000000000000000000e+00 0.000000000000000000e+00 8.577095695030413289e-03 0.000000000000000000e+00
1.173900000000000000e+04 0.000000000000000000e+00 0.000000000000000000e+00 8.894080965750674264e-03 0.000000000000000000e+00
1.175600000000000000e+04 0.000000000000000000e+00 0.000000000000000000e+00 9.266403093559723650e-03 0.000000000000000000e+00
1.177400000000000000e+04 0.000000000000000000e+00 0.000000000000000000e+00 9.604756000867683413e-03 0.000000000000000000e+00
1.179200000000000000e+04 0.000000000000000000e+00 0.000000000000000000e+00 9.897617800323882734e-03 0.000000000000000000e+00
1.180900000000000000e+04 0.000000000000000000e+00 0.000000000000000000e+00 1.032772627434277828e-02 0.000000000000000000e+00
1.182700000000000000e+04 0.000000000000000000e+00 0.000000000000000000e+00 1.070344616737426563e-02 0.000000000000000000e+00
1.184500000000000000e+04 0.000000000000000000e+00 0.000000000000000000e+00 1.103734932590893364e-02 0.000000000000000000e+00
1.186200000000000000e+04 0.000000000000000000e+00 0.000000000000000000e+00 1.141587671422918289e-02 0.000000000000000000e+00
1.188000000000000000e+04 0.000000000000000000e+00 0.000000000000000000e+00 1.160575050130323825e-02 0.000000000000000000e+00
1.189700000000000000e+04 0.000000000000000000e+00 0.000000000000000000e+00 1.192361288599247046e-02 0.000000000000000000e+00
1.191500000000000000e+04 0.000000000000000000e+00 0.000000000000000000e+00 1.215236971640965002e-02 0.000000000000000000e+00
1.193300000000000000e+04 0.000000000000000000e+00 0.000000000000000000e+00 1.237038677242665273e-02 0.000000000000000000e+00
1.195000000000000000e+04 0.000000000000000000e+00 0.000000000000000000e+00 1.254649826664057909e-02 0.000000000000000000e+00
1.196800000000000000e+04 0.000000000000000000e+00 0.000000000000000000e+00 1.275153098393429739e-02 0.000000000000000000e+00
1.198600000000000000e+04 0.000000000000000000e+00 0.000000000000000000e+00 1.286612735812599217e-02 0.000000000000000000e+00
1.200300000000000000e+04 0.000000000000000000e+00 0.000000000000000000e+00 1.317711187168169734e-02 0.000000000000000000e+00
1.202100000000000000e+04 0.000000000000000000e+00 0.000000000000000000e+00 1.323952755300269318e-02 0.000000000000000000e+00
