#  wvl   a     b     c     rmse
350.9150085 0.0002709 0.0000402 0.0000000 0.0000000
353.3450012 0.0002590 0.0000390 0.0000000 0.0000000
355.7799988 0.0002471 0.0000378 0.0000000 0.0000000
358.2369995 0.0002274 0.0000368 0.0000000 0.0000000
360.6950073 0.0002078 0.0000358 0.0000000 0.0000000
363.1400147 0.0001877 0.0000352 0.0000000 0.0000000
365.6099853 0.0001677 0.0000346 0.0000000 0.0000000
368.0799866 0.0001479 0.0000337 0.0000000 0.0000000
370.5350037 0.0001282 0.0000327 0.0000000 0.0000000
372.9899902 0.0001249 0.0000317 0.0000000 0.0000000
375.4800110 0.0001216 0.0000307 0.0000000 0.0000000
377.9249878 0.0001143 0.0000301 0.0000000 0.0000000
380.4200134 0.0001070 0.0000294 0.0000000 0.0000000
382.8779907 0.0000987 0.0000286 0.0000000 0.0000000
385.3569946 0.0000904 0.0000277 0.0000000 0.0000000
387.8099976 0.0001390 0.0000265 0.0000000 0.0000000
390.2950134 0.0001876 0.0000254 0.0000000 0.0000000
392.7650147 0.0001793 0.0000247 0.0000000 0.0000000
395.2399902 0.0001709 0.0000241 0.0000000 0.0000000
397.7049866 0.0001550 0.0000231 0.0000000 0.0000000
400.1770019 0.0001390 0.0000221 0.0000000 0.0000000
402.6549988 0.0001363 0.0000215 0.0000000 0.0000000
405.1300049 0.0001336 0.0000210 0.0000000 0.0000000
407.6050110 0.0001292 0.0000207 0.0000000 0.0000000
410.0750122 0.0001248 0.0000204 0.0000000 0.0000000
412.5549927 0.0001188 0.0000201 0.0000000 0.0000000
415.0270081 0.0001128 0.0000198 0.0000000 0.0000000
417.5100098 0.0001133 0.0000195 0.0000000 0.0000000
419.9849853 0.0001139 0.0000192 0.0000000 0.0000000
422.4500122 0.0001141 0.0000193 0.0000000 0.0000000
424.9400024 0.0001144 0.0000195 0.0000000 0.0000000
427.3999939 0.0001549 0.0000196 0.0000000 0.0000000
429.8850098 0.0001953 0.0000196 0.0000000 0.0000000
432.3800049 0.0002112 0.0000201 0.0000000 0.0000000
434.8699951 0.0002272 0.0000205 0.0000000 0.0000000
437.3519897 0.0002333 0.0000206 0.0000000 0.0000000
439.8299866 0.0002395 0.0000207 0.0000000 0.0000000
442.3250122 0.0002406 0.0000209 0.0000000 0.0000000
444.8150024 0.0002417 0.0000211 0.0000000 0.0000000
447.3099976 0.0002313 0.0000208 0.0000000 0.0000000
449.7950134 0.0002209 0.0000206 0.0000000 0.0000000
452.2799988 0.0002124 0.0000202 0.0000000 0.0000000
454.7650147 0.0002039 0.0000198 0.0000000 0.0000000
457.2600098 0.0001970 0.0000195 0.0000000 0.0000000
459.7550049 0.0001901 0.0000192 0.0000000 0.0000000
462.2500000 0.0001835 0.0000187 0.0000000 0.0000000
464.7349853 0.0001769 0.0000181 0.0000000 0.0000000
467.2420044 0.0001695 0.0000180 0.0000000 0.0000000
469.7279968 0.0001621 0.0000179 0.0000000 0.0000000
472.2000122 0.0001584 0.0000177 0.0000000 0.0000000
474.7000122 0.0001547 0.0000175 0.0000000 0.0000000
477.1879883 0.0001576 0.0000174 0.0000000 0.0000000
479.6900024 0.0001605 0.0000172 0.0000000 0.0000000
482.1849976 0.0001554 0.0000170 0.0000000 0.0000000
484.6900024 0.0001502 0.0000168 0.0000000 0.0000000
487.1849976 0.0001498 0.0000169 0.0000000 0.0000000
489.6749878 0.0001493 0.0000170 0.0000000 0.0000000
492.1749878 0.0001493 0.0000172 0.0000000 0.0000000
494.6849976 0.0001492 0.0000173 0.0000000 0.0000000
497.1820068 0.0001519 0.0000173 0.0000000 0.0000000
499.6900024 0.0001546 0.0000172 0.0000000 0.0000000
502.1900024 0.0001544 0.0000173 0.0000000 0.0000000
504.6950073 0.0001543 0.0000173 0.0000000 0.0000000
507.2000122 0.0001520 0.0000173 0.0000000 0.0000000
509.7200012 0.0001497 0.0000173 0.0000000 0.0000000
512.2100220 0.0001557 0.0000172 0.0000000 0.0000000
514.7299805 0.0001617 0.0000171 0.0000000 0.0000000
517.2199707 0.0001569 0.0000174 0.0000000 0.0000000
519.7449951 0.0001522 0.0000176 0.0000000 0.0000000
522.2500000 0.0001539 0.0000176 0.0000000 0.0000000
524.7750244 0.0001556 0.0000175 0.0000000 0.0000000
527.2750244 0.0001647 0.0000178 0.0000000 0.0000000
529.7999878 0.0001737 0.0000182 0.0000000 0.0000000
532.3150024 0.0001723 0.0000186 0.0000000 0.0000000
534.8549805 0.0001709 0.0000191 0.0000000 0.0000000
537.3449707 0.0001888 0.0000191 0.0000000 0.0000000
539.8800049 0.0002066 0.0000192 0.0000000 0.0000000
542.3950195 0.0002008 0.0000193 0.0000000 0.0000000
544.9050293 0.0001949 0.0000194 0.0000000 0.0000000
547.4429932 0.0001954 0.0000194 0.0000000 0.0000000
549.9949951 0.0001958 0.0000194 0.0000000 0.0000000
552.5100098 0.0001902 0.0000192 0.0000000 0.0000000
555.0449829 0.0001847 0.0000190 0.0000000 0.0000000
557.5750122 0.0001941 0.0000188 0.0000000 0.0000000
560.1049805 0.0002035 0.0000186 0.0000000 0.0000000
562.6400147 0.0001901 0.0000185 0.0000000 0.0000000
565.1900024 0.0001768 0.0000183 0.0000000 0.0000000
567.7100220 0.0001748 0.0000182 0.0000000 0.0000000
570.2600098 0.0001727 0.0000181 0.0000000 0.0000000
572.7949829 0.0001844 0.0000177 0.0000000 0.0000000
575.3449707 0.0001961 0.0000173 0.0000000 0.0000000
577.9050293 0.0001924 0.0000170 0.0000000 0.0000000
580.4500122 0.0001888 0.0000167 0.0000000 0.0000000
582.9949951 0.0001730 0.0000167 0.0000000 0.0000000
585.5520019 0.0001572 0.0000166 0.0000000 0.0000000
588.0850220 0.0001272 0.0000167 0.0000000 0.0000000
590.5479736 0.0000971 0.0000167 0.0000000 0.0000000
593.0850220 0.0001177 0.0000181 0.0000000 0.0000000
595.6799927 0.0001383 0.0000195 0.0000000 0.0000000
598.2600098 0.0001567 0.0000215 0.0000000 0.0000000
600.5449829 0.0008163 0.0000370 0.0000000 0.0000000
602.9180298 0.0006651 0.0000322 0.0000000 0.0000000
605.4600220 0.0005138 0.0000275 0.0000000 0.0000000
607.9869995 0.0003739 0.0000227 0.0000000 0.0000000
610.3599853 0.0002340 0.0000179 0.0000000 0.0000000
612.7319946 0.0002138 0.0000169 0.0000000 0.0000000
615.1450195 0.0001936 0.0000160 0.0000000 0.0000000
617.6049805 0.0001831 0.0000157 0.0000000 0.0000000
620.0599976 0.0001726 0.0000154 0.0000000 0.0000000
622.5300293 0.0001560 0.0000158 0.0000000 0.0000000
624.9869995 0.0001394 0.0000161 0.0000000 0.0000000
627.4320068 0.0001494 0.0000154 0.0000000 0.0000000
629.9000244 0.0001593 0.0000147 0.0000000 0.0000000
632.3750000 0.0001541 0.0000146 0.0000000 0.0000000
634.8330078 0.0001490 0.0000145 0.0000000 0.0000000
637.3049927 0.0001474 0.0000143 0.0000000 0.0000000
639.7899780 0.0001462 0.0000142 0.0000000 0.0000000
641.0300293 0.0001437 0.0000142 0.0000000 0.0000000
642.2550049 0.0001395 0.0000142 0.0000000 0.0000000
643.4799805 0.0001352 0.0000143 0.0000000 0.0000000
644.7150269 0.0001310 0.0000144 0.0000000 0.0000000
645.9650269 0.0001301 0.0000143 0.0000000 0.0000000
647.1849976 0.0001327 0.0000142 0.0000000 0.0000000
648.4349976 0.0001353 0.0000140 0.0000000 0.0000000
649.6699829 0.0001379 0.0000138 0.0000000 0.0000000
650.9149780 0.0001377 0.0000137 0.0000000 0.0000000
652.1530151 0.0001347 0.0000137 0.0000000 0.0000000
653.3880005 0.0001317 0.0000136 0.0000000 0.0000000
654.6250000 0.0001287 0.0000136 0.0000000 0.0000000
655.8699951 0.0001144 0.0000135 0.0000000 0.0000000
657.0999756 0.0000889 0.0000135 0.0000000 0.0000000
658.3400269 0.0000633 0.0000135 0.0000000 0.0000000
659.6019898 0.0000378 0.0000135 0.0000000 0.0000000
660.8350220 0.0000246 0.0000135 0.0000000 0.0000000
662.0679932 0.0000238 0.0000136 0.0000000 0.0000000
663.2999878 0.0000230 0.0000136 0.0000000 0.0000000
664.5650024 0.0000221 0.0000136 0.0000000 0.0000000
665.7949829 0.0000221 0.0000135 0.0000000 0.0000000
667.0250244 0.0000227 0.0000134 0.0000000 0.0000000
668.2650147 0.0000234 0.0000132 0.0000000 0.0000000
669.5180054 0.0000240 0.0000131 0.0000000 0.0000000
670.7550049 0.0000241 0.0000130 0.0000000 0.0000000
671.9899902 0.0000237 0.0000129 0.0000000 0.0000000
673.2449951 0.0000233 0.0000128 0.0000000 0.0000000
674.5050049 0.0000228 0.0000127 0.0000000 0.0000000
675.7299805 0.0000230 0.0000126 0.0000000 0.0000000
676.9619751 0.0000239 0.0000126 0.0000000 0.0000000
678.2050171 0.0000248 0.0000126 0.0000000 0.0000000
679.4450073 0.0000257 0.0000126 0.0000000 0.0000000
680.6799927 0.0000258 0.0000126 0.0000000 0.0000000
681.9180298 0.0000252 0.0000126 0.0000000 0.0000000
683.1729736 0.0000246 0.0000126 0.0000000 0.0000000
684.4180298 0.0000240 0.0000126 0.0000000 0.0000000
685.6550293 0.0000236 0.0000126 0.0000000 0.0000000
686.8950195 0.0000232 0.0000126 0.0000000 0.0000000
688.1400147 0.0000229 0.0000126 0.0000000 0.0000000
689.3900147 0.0000226 0.0000126 0.0000000 0.0000000
690.6500244 0.0000224 0.0000126 0.0000000 0.0000000
691.8900147 0.0000226 0.0000126 0.0000000 0.0000000
693.1300049 0.0000227 0.0000125 0.0000000 0.0000000
694.3850098 0.0000228 0.0000125 0.0000000 0.0000000
695.6450195 0.0000224 0.0000125 0.0000000 0.0000000
696.8900147 0.0000214 0.0000124 0.0000000 0.0000000
698.1199951 0.0000205 0.0000124 0.0000000 0.0000000
699.3720093 0.0000196 0.0000124 0.0000000 0.0000000
700.6119995 0.0000195 0.0000123 0.0000000 0.0000000
701.8549805 0.0000202 0.0000123 0.0000000 0.0000000
703.0999756 0.0000208 0.0000122 0.0000000 0.0000000
704.3549805 0.0000215 0.0000122 0.0000000 0.0000000
705.5900269 0.0000221 0.0000121 0.0000000 0.0000000
706.8350220 0.0000227 0.0000121 0.0000000 0.0000000
708.0869751 0.0000233 0.0000120 0.0000000 0.0000000
709.3350220 0.0000239 0.0000120 0.0000000 0.0000000
710.5800171 0.0000239 0.0000120 0.0000000 0.0000000
711.8250122 0.0000232 0.0000120 0.0000000 0.0000000
713.0650024 0.0000225 0.0000120 0.0000000 0.0000000
714.3150024 0.0000219 0.0000120 0.0000000 0.0000000
716.8170166 0.0000605 0.0000121 0.0000000 0.0000000
719.2949829 0.0000995 0.0000122 0.0000000 0.0000000
721.7999878 0.0000999 0.0000123 0.0000000 0.0000000
724.3049927 0.0001003 0.0000124 0.0000000 0.0000000
726.7949829 0.0000951 0.0000125 0.0000000 0.0000000
729.2999878 0.0000899 0.0000125 0.0000000 0.0000000
731.7899780 0.0000929 0.0000124 0.0000000 0.0000000
734.2800293 0.0000958 0.0000124 0.0000000 0.0000000
736.7930298 0.0000964 0.0000124 0.0000000 0.0000000
739.2880249 0.0000968 0.0000124 0.0000000 0.0000000
740.5349731 0.0000970 0.0000124 0.0000000 0.0000000
741.7830200 0.0000970 0.0000124 0.0000000 0.0000000
743.0449829 0.0000971 0.0000123 0.0000000 0.0000000
744.2849731 0.0000971 0.0000123 0.0000000 0.0000000
745.5349731 0.0000978 0.0000123 0.0000000 0.0000000
746.7899780 0.0000991 0.0000123 0.0000000 0.0000000
748.0399780 0.0001004 0.0000123 0.0000000 0.0000000
749.2800293 0.0001017 0.0000123 0.0000000 0.0000000
750.5399780 0.0001027 0.0000123 0.0000000 0.0000000
751.7899780 0.0001036 0.0000122 0.0000000 0.0000000
753.0399780 0.0001045 0.0000122 0.0000000 0.0000000
754.2949829 0.0001053 0.0000121 0.0000000 0.0000000
755.5399780 0.0001057 0.0000121 0.0000000 0.0000000
756.8020019 0.0001055 0.0000122 0.0000000 0.0000000
758.0499878 0.0001053 0.0000122 0.0000000 0.0000000
759.2999878 0.0001052 0.0000123 0.0000000 0.0000000
760.5599976 0.0001063 0.0000123 0.0000000 0.0000000
761.7999878 0.0001086 0.0000123 0.0000000 0.0000000
763.0599976 0.0001109 0.0000122 0.0000000 0.0000000
764.3099976 0.0001133 0.0000122 0.0000000 0.0000000
765.5570068 0.0001142 0.0000122 0.0000000 0.0000000
766.8179932 0.0001137 0.0000122 0.0000000 0.0000000
768.0700073 0.0001133 0.0000122 0.0000000 0.0000000
769.3300171 0.0001128 0.0000122 0.0000000 0.0000000
770.5650024 0.0001109 0.0000123 0.0000000 0.0000000
771.8250122 0.0001076 0.0000123 0.0000000 0.0000000
773.0750122 0.0001043 0.0000124 0.0000000 0.0000000
774.3369751 0.0001010 0.0000124 0.0000000 0.0000000
776.8319702 0.0001002 0.0000124 0.0000000 0.0000000
779.3350220 0.0001010 0.0000124 0.0000000 0.0000000
781.8419800 0.0001002 0.0000124 0.0000000 0.0000000
784.3519898 0.0000994 0.0000124 0.0000000 0.0000000
786.8549805 0.0000988 0.0000125 0.0000000 0.0000000
789.3670044 0.0000981 0.0000126 0.0000000 0.0000000
791.8670044 0.0000967 0.0000128 0.0000000 0.0000000
794.3800049 0.0000952 0.0000130 0.0000000 0.0000000
796.8800049 0.0001058 0.0000128 0.0000000 0.0000000
799.3930054 0.0001163 0.0000127 0.0000000 0.0000000
801.9000244 0.0001135 0.0000127 0.0000000 0.0000000
804.4099731 0.0001107 0.0000127 0.0000000 0.0000000
806.9149780 0.0001115 0.0000127 0.0000000 0.0000000
809.4249878 0.0001123 0.0000126 0.0000000 0.0000000
811.9299927 0.0001104 0.0000129 0.0000000 0.0000000
814.4400024 0.0001085 0.0000133 0.0000000 0.0000000
816.9450073 0.0001145 0.0000131 0.0000000 0.0000000
819.4550171 0.0001206 0.0000129 0.0000000 0.0000000
821.9600220 0.0001194 0.0000130 0.0000000 0.0000000
824.4600220 0.0001182 0.0000131 0.0000000 0.0000000
826.9849853 0.0001175 0.0000132 0.0000000 0.0000000
829.4899902 0.0001169 0.0000133 0.0000000 0.0000000
832.0050049 0.0001191 0.0000134 0.0000000 0.0000000
834.5050049 0.0001214 0.0000134 0.0000000 0.0000000
837.0200195 0.0001152 0.0000138 0.0000000 0.0000000
839.5150147 0.0001090 0.0000142 0.0000000 0.0000000
842.0300293 0.0001198 0.0000142 0.0000000 0.0000000
844.5399780 0.0001307 0.0000141 0.0000000 0.0000000
847.0599976 0.0001329 0.0000144 0.0000000 0.0000000
849.5700073 0.0001350 0.0000146 0.0000000 0.0000000
852.0869751 0.0001435 0.0000145 0.0000000 0.0000000
854.5850220 0.0001521 0.0000144 0.0000000 0.0000000
857.0999756 0.0001484 0.0000146 0.0000000 0.0000000
859.5949707 0.0001447 0.0000149 0.0000000 0.0000000
862.1119995 0.0001453 0.0000152 0.0000000 0.0000000
864.6069946 0.0001459 0.0000154 0.0000000 0.0000000
867.1149902 0.0001465 0.0000153 0.0000000 0.0000000
869.6149902 0.0001471 0.0000152 0.0000000 0.0000000
872.1300049 0.0001512 0.0000156 0.0000000 0.0000000
874.6350098 0.0001553 0.0000160 0.0000000 0.0000000
877.1480102 0.0001353 0.0000162 0.0000000 0.0000000
879.6350098 0.0001153 0.0000163 0.0000000 0.0000000
882.1350098 0.0001260 0.0000167 0.0000000 0.0000000
884.6380005 0.0001367 0.0000170 0.0000000 0.0000000
887.1300049 0.0001428 0.0000180 0.0000000 0.0000000
889.5949707 0.0001489 0.0000191 0.0000000 0.0000000
892.0900269 0.0001743 0.0000213 0.0000000 0.0000000
894.6019898 0.0001997 0.0000236 0.0000000 0.0000000
939.7150269 0.0000855 0.0000105 0.0000000 0.0000000
1038.3100586 0.0000070 0.0000033 0.0000000 0.0000000
1248.5500488 0.0000040 0.0000030 0.0000000 0.0000000
1378.1700440 0.0001250 0.0000217 0.0000000 0.0000000
1618.0300293 0.0000004 0.0000012 0.0000000 0.0000000
2130.5900879 0.0000037 0.0000034 0.0000000 0.0000000
2258.4299316 0.0000022 0.0000027 0.0000000 0.0000000
