#wls tsis_f0
350.0 1203.74
350.5 1369.51
351.0 1185.44
351.5 755.023
352.0 1186.91
352.5 672.7729999999999
353.0 1184.8
353.5 1243.45
354.0 1331.52
354.5 1248.15
355.0 1250.39
355.5 906.546
356.0 911.621
356.5 1199.7
357.0 772.763
357.5 868.258
358.0 763.005
358.5 827.884
359.0 771.716
359.5 1013.1100000000001
360.0 1147.24
360.5 954.0160000000001
361.0 506.368
361.5 877.484
362.0 370.946
362.5 931.8810000000001
363.0 1344.52
363.5 962.145
364.0 1300.78
364.5 1068.48
365.0 997.105
365.5 1226.8300000000002
366.0 1530.43
366.5 1120.9099999999999
367.0 1078.27
367.5 1173.76
368.0 1199.91
368.5 1312.3400000000001
369.0 1079.57
369.5 1038.27
370.0 1422.98
370.5 960.116
371.0 858.414
371.5 1655.13
372.0 988.021
372.5 1189.87
373.0 1406.54
373.5 656.92
374.0 1122.8400000000001
374.5 879.991
375.0 437.389
375.5 1372.16
376.0 752.6569999999999
376.5 725.109
377.0 1329.02
377.5 1391.8100000000002
378.0 1330.25
378.5 1582.59
379.0 1140.8
379.5 1095.03
380.0 841.9889999999999
380.5 1501.07
381.0 1400.2600000000002
381.5 1049.07
382.0 1167.6000000000001
382.5 822.3950000000001
383.0 746.0219999999999
383.5 553.824
384.0 581.341
384.5 1102.35
385.0 1202.1200000000001
385.5 1022.71
386.0 690.4970000000001
386.5 1211.76
387.0 1131.84
387.5 1089.28
388.0 804.2529999999999
388.5 1400.6299999999999
389.0 662.117
389.5 1277.03
390.0 1363.9599999999998
390.5 1274.0
391.0 1498.3799999999999
391.5 1316.42
392.0 1215.01
392.5 1361.02
393.0 684.441
393.5 213.30100000000002
394.0 838.082
394.5 734.7629999999999
395.0 1187.05
395.5 1547.4199999999998
396.0 1518.2400000000002
396.5 902.941
397.0 248.279
397.5 888.836
398.0 1498.74
398.5 1383.18
399.0 1740.25
399.5 1677.31
400.0 1671.52
400.5 1936.3300000000002
401.0 1772.2
401.5 1663.58
402.0 1969.3700000000001
402.5 1804.86
403.0 1994.48
403.5 1618.47
404.0 1916.16
404.5 1611.78
405.0 1740.12
405.5 1795.01
406.0 1551.8100000000002
406.5 946.073
407.0 1973.1999999999998
407.5 1904.51
408.0 1665.9299999999998
408.5 1628.41
409.0 2005.9899999999998
409.5 2077.1
410.0 1658.7
410.5 1583.84
411.0 1785.98
411.5 2059.9
412.0 1524.73
412.5 1782.74
413.0 1882.64
413.5 1638.6000000000001
414.0 2053.7799999999997
414.5 1125.25
415.0 1891.14
415.5 1547.23
416.0 1773.6000000000001
416.5 1893.55
417.0 1955.96
417.5 1625.43
418.0 1777.97
418.5 1662.45
419.0 1706.2799999999997
419.5 2073.82
420.0 1331.15
420.5 1798.23
421.0 1933.46
421.5 1916.93
422.0 1866.4699999999998
422.5 1687.38
423.0 2051.01
423.5 1671.38
424.0 1667.16
424.5 1824.06
425.0 1659.43
425.5 1662.07
426.0 1574.1599999999999
426.5 1933.1299999999999
427.0 1844.3100000000002
427.5 1491.01
428.0 1971.3300000000002
428.5 2010.05
429.0 1565.76
429.5 1654.69
430.0 1151.77
430.5 1264.19
431.0 1015.57
431.5 1657.8700000000001
432.0 1926.42
432.5 1211.74
433.0 2047.02
433.5 1930.58
434.0 1456.9399999999998
434.5 1556.13
435.0 2005.5600000000002
435.5 1957.81
436.0 1702.0500000000002
436.5 1909.96
437.0 2092.34
437.5 1709.4399999999998
438.0 1941.8799999999999
438.5 831.108
439.0 1775.9299999999998
439.5 1771.35
440.0 1993.62
440.5 1728.41
441.0 1718.8999999999999
441.5 2065.12
442.0 2074.15
442.5 2006.35
443.0 2189.79
443.5 1880.8400000000001
444.0 2210.35
444.5 1826.13
445.0 2196.47
445.5 2002.5700000000002
446.0 1727.67
446.5 2155.7
447.0 1860.73
447.5 2243.34
448.0 2224.62
448.5 2125.77
449.0 1945.7400000000002
449.5 2032.7199999999998
450.0 2063.91
450.5 2296.61
451.0 2156.55
451.5 2108.4
452.0 2132.6
452.5 2192.4700000000003
453.0 1599.52
453.5 1808.27
454.0 2143.63
454.5 2196.1099999999997
455.0 2012.7600000000002
455.5 1981.44
456.0 2115.7
456.5 1952.31
457.0 2100.96
457.5 2274.87
458.0 2076.13
458.5 1911.48
459.0 2196.83
459.5 2115.48
460.0 2141.55
460.5 2144.53
461.0 2276.09
461.5 1974.3000000000002
462.0 2007.5299999999997
462.5 2207.45
463.0 2175.86
463.5 2081.13
464.0 2129.11
464.5 2003.08
465.0 1908.7200000000003
465.5 2157.69
466.0 2206.9
466.5 1957.94
467.0 1877.8600000000001
467.5 2033.5300000000002
468.0 1875.09
468.5 2113.27
469.0 2053.34
469.5 2094.33
470.0 1840.34
470.5 1851.49
471.0 1917.26
471.5 2041.68
472.0 2132.66
472.5 2194.82
473.0 1933.8300000000002
473.5 1980.77
474.0 2181.41
474.5 2206.8199999999997
475.0 2144.74
475.5 2028.7200000000003
476.0 2143.2200000000003
476.5 2039.5
477.0 2016.78
477.5 2158.91
478.0 2223.51
478.5 1897.26
479.0 2051.14
479.5 2215.85
480.0 2009.94
480.5 2202.31
481.0 1989.34
481.5 2090.36
482.0 2192.73
482.5 1787.7099999999998
483.0 2032.7199999999998
483.5 2120.22
484.0 1961.21
484.5 1958.25
485.0 1927.0500000000002
485.5 2010.3899999999999
486.0 1790.05
486.5 1643.17
487.0 1948.8200000000002
487.5 1914.65
488.0 1922.83
488.5 2045.95
489.0 1816.55
489.5 2137.42
490.0 2169.2799999999997
490.5 1919.1399999999999
491.0 2105.25
491.5 1999.56
492.0 1576.96
492.5 1876.25
493.0 2138.58
493.5 1711.3
494.0 1717.1399999999999
494.5 2200.31
495.0 2153.3
495.5 2105.25
496.0 1987.4700000000003
496.5 2189.54
497.0 1943.92
497.5 2094.34
498.0 1879.6799999999998
498.5 1626.21
499.0 2017.49
499.5 1908.73
500.0 2040.3
500.49999999999994 1975.1599999999999
501.0 2119.15
501.49999999999994 1793.7799999999997
502.0 1679.82
502.49999999999994 1993.7200000000003
503.0 2004.71
503.49999999999994 2136.96
504.0 1854.8
504.49999999999994 2051.15
505.0 1807.3500000000001
505.49999999999994 2032.6
506.0 2105.35
506.49999999999994 2127.26
507.0 1863.1999999999998
507.49999999999994 2066.58
508.0 1910.14
508.49999999999994 1819.35
509.0 1986.72
509.49999999999994 2118.73
510.0 1652.61
510.49999999999994 2010.6
511.0 2017.54
511.49999999999994 2041.5
512.0 2094.67
512.5 1790.17
513.0 1947.52
513.5 1772.03
514.0 1924.89
514.5 1956.38
515.0 1842.2399999999998
515.5 1859.9700000000003
516.0 1979.04
516.5 1968.81
517.0 1442.39
517.5 1397.36
518.0 2018.37
518.5 776.192
519.0 1706.8799999999999
519.5 1988.32
520.0 1897.2900000000002
520.5 2069.58
521.0 1448.27
521.5 2064.14
522.0 1987.12
522.5 1992.64
523.0 1930.53
523.5 1799.41
524.0 2044.25
524.5 1915.38
525.0 2026.93
525.5 1904.86
526.0 2069.58
526.5 1640.0299999999997
527.0 1795.3999999999999
527.5 1737.04
528.0 2034.1499999999999
528.5 1626.4099999999999
529.0 1958.4899999999998
529.5 2010.79
530.0 1635.94
530.5 2036.83
531.0 2011.2
531.5 1989.34
532.0 2014.75
532.5 1840.6899999999998
533.0 1263.23
533.5 1949.6100000000001
534.0 2003.5300000000002
534.5 1923.47
535.0 1847.17
535.5 1858.79
536.0 2043.0099999999998
536.5 1989.17
537.0 1979.1999999999998
537.5 1929.34
538.0 2015.0299999999997
538.5 1689.96
539.0 1998.52
539.5 1795.27
540.0 1885.14
540.5 1807.6
541.0 1982.6
541.5 1935.87
542.0 1940.6200000000001
542.5 1826.38
543.0 1983.62
543.5 1900.3
544.0 2012.44
544.5 2008.46
545.0 1980.94
545.5 1967.51
546.0 2019.4900000000002
546.5 1692.36
547.0 1984.4399999999998
547.5 1844.19
548.0 1895.95
548.5 1848.98
549.0 1896.9499999999998
549.5 1839.65
550.0 1966.9900000000002
550.5 1861.01
551.0 1935.9299999999998
551.5 1876.11
552.0 1979.81
552.5 1954.75
553.0 1481.6200000000001
553.5 1950.47
554.0 1888.1399999999999
554.5 1807.0900000000001
555.0 1971.77
555.5 1866.6
556.0 1908.8
556.5 1774.82
557.0 1938.0099999999998
557.5 1744.9299999999998
558.0 1871.9399999999998
558.5 1943.5300000000002
559.0 1661.98
559.5 1870.18
560.0 1594.21
560.5 1744.33
561.0 1939.06
561.5 1949.4
562.0 1855.9299999999998
562.5 1888.21
563.0 1884.62
563.5 1869.3899999999999
564.0 1790.3899999999999
564.5 1879.09
565.0 1915.8899999999999
565.5 1895.0800000000002
566.0 1505.46
566.5 1839.34
567.0 1891.29
567.5 1939.82
568.0 1883.85
568.5 1856.26
569.0 1695.19
569.5 1852.96
570.0 1786.55
570.5 1866.56
571.0 1699.27
571.5 1900.95
572.0 1858.5300000000002
572.5 1909.05
573.0 1913.23
573.5 1912.3400000000001
574.0 1889.46
574.5 1879.6799999999998
575.0 1802.59
575.5 1693.79
576.0 1905.35
576.5 1753.84
577.0 1904.27
577.5 1890.13
578.0 1863.7
578.5 1806.63
579.0 1841.48
579.5 1800.44
580.0 1782.9499999999998
580.5 1872.25
581.0 1862.4
581.5 1873.6000000000001
582.0 1887.02
582.5 1869.91
583.0 1869.0700000000002
583.5 1868.87
584.0 1819.1399999999999
584.5 1873.07
585.0 1812.3500000000001
585.5 1763.8200000000002
586.0 1785.83
586.5 1847.16
587.0 1853.0099999999998
587.5 1822.48
588.0 1849.6100000000001
588.5 1789.2599999999998
589.0 1763.8
589.5 1746.2200000000003
590.0 1808.9699999999998
590.5 1841.77
591.0 1848.32
591.5 1806.98
592.0 1831.56
592.5 1840.17
593.0 1805.72
593.5 1830.5
594.0 1833.77
594.5 1806.08
595.0 1686.6599999999999
595.5 1731.39
596.0 1791.8799999999999
596.5 1819.6399999999999
597.0 1826.13
597.5 1822.62
598.0 1776.1799999999998
598.5 1720.5099999999998
599.0 1801.0400000000002
599.5 1821.3200000000002
600.0 1755.1599999999999
600.5 1696.6999999999998
601.0 1593.66
601.5 1657.67
602.0 1792.97
602.5 1754.1100000000001
603.0 1794.0
603.5 1799.62
604.0 1802.5800000000002
604.5 1796.9900000000002
605.0 1791.8700000000001
605.5 1750.9299999999998
606.0 1788.22
606.5 1767.31
607.0 1789.46
607.5 1788.23
608.0 1635.76
608.5 1754.0700000000002
609.0 1761.1799999999998
609.5 1724.46
610.0 1744.72
610.5 1527.06
611.0 1673.18
611.5 1737.67
612.0 1765.8799999999999
612.5 1725.76
613.0 1696.79
613.5 1756.6
614.0 1626.01
614.5 1747.49
615.0 1690.09
615.5 1749.3700000000001
616.0 1699.69
616.5 1553.88
617.0 1710.46
617.5 1634.09
618.0 1738.1899999999998
618.5 1719.98
619.0 1674.57
619.5 1736.29
620.0 1737.2399999999998
620.5 1733.57
621.0 1724.09
621.5 1602.99
622.0 1717.1399999999999
622.5 1717.3400000000001
623.0 1718.28
623.5 1662.08
624.0 1639.1200000000001
624.5 1625.66
625.0 1695.48
625.5 1632.67
626.0 1564.82
626.5 1716.01
627.0 1705.59
627.5 1705.6
628.0 1684.69
628.5 1684.03
629.0 1701.19
629.5 1686.6100000000001
630.0 1628.15
630.5 1656.83
631.0 1687.01
631.5 1690.0700000000002
632.0 1477.85
632.5 1639.3899999999999
633.0 1672.4700000000003
633.5 1690.8400000000001
634.0 1648.5400000000002
634.5 1621.15
635.0 1673.3799999999999
635.5 1667.39
636.0 1590.9899999999998
636.5 1596.1799999999998
637.0 1672.9099999999999
637.5 1673.61
638.0 1618.85
638.5 1661.67
639.0 1664.53
639.5 1504.8
640.0 1653.4899999999998
640.5 1653.3400000000001
641.0 1485.28
641.5 1652.0
642.0 1641.3999999999999
642.5 1655.71
643.0 1648.56
643.5 1597.25
644.0 1590.66
644.5 1639.96
645.0 1633.45
645.5 1637.2900000000002
646.0 1641.44
646.5 1497.98
647.0 1632.19
647.5 1636.01
648.0 1628.5300000000002
648.5 1586.58
649.0 1627.22
649.5 1537.15
650.0 1602.08
650.5 1619.8500000000001
651.0 1612.9099999999999
651.5 1612.92
652.0 1516.72
652.5 1604.28
653.0 1590.87
653.5 1571.21
654.0 1591.14
654.5 1587.15
655.0 1572.85
655.5 1546.8899999999999
656.0 1458.85
656.5 617.075
657.0 1477.27
657.5 1513.75
658.0 1568.48
658.5 1556.37
659.0 1568.62
659.5 1388.31
660.0 1530.6
660.5 1579.0700000000002
661.0 1545.3700000000001
661.5 1563.07
662.0 1571.4599999999998
662.5 1575.23
663.0 1560.38
663.5 1487.2800000000002
664.0 1565.87
664.5 1490.73
665.0 1558.99
665.5 1562.6
666.0 1566.16
666.5 1420.3700000000001
667.0 1539.8500000000001
667.5 1557.17
668.0 1371.3200000000002
668.5 1556.91
669.0 1555.19
669.5 1552.7099999999998
670.0 1532.16
670.5 1519.42
671.0 1539.86
671.5 1487.03
672.0 1440.1
672.5 1542.15
673.0 1541.42
673.5 1501.9900000000002
674.0 1492.62
674.5 1500.67
675.0 1508.42
675.5 1494.51
676.0 1527.6499999999999
676.5 1529.3700000000001
677.0 1446.6399999999999
677.5 1515.4499999999998
678.0 1523.7200000000003
678.5 1499.6100000000001
679.0 1523.02
679.5 1492.94
680.0 1505.05
680.5 1511.08
681.0 1513.31
681.5 1502.94
682.0 1509.6000000000001
682.5 1509.94
683.0 1445.9
683.5 1491.23
684.0 1475.2600000000002
684.5 1418.28
685.0 1484.17
685.5 1498.92
686.0 1418.17
686.5 1481.3
687.0 1484.7800000000002
687.5 1488.48
688.0 1486.43
688.5 1427.74
689.0 1483.84
689.5 1485.17
690.0 1463.7200000000003
690.5 1459.1499999999999
691.0 1477.8600000000001
691.5 1473.74
692.0 1459.4399999999998
692.5 1476.7599999999998
693.0 1466.6200000000001
693.5 1429.7
694.0 1466.1799999999998
694.5 1459.94
695.0 1458.89
695.5 1431.5700000000002
696.0 1460.49
696.5 1455.95
697.0 1458.88
697.5 1456.59
698.0 1361.12
698.5 1452.99
699.0 1430.6399999999999
699.5 1433.5300000000002
700.0 1447.62
700.5 1404.33
701.0 1404.88
701.5 1395.8400000000001
702.0 1398.1
702.5 1335.4499999999998
703.0 1426.4099999999999
703.5 1427.84
704.0 1341.8000000000002
704.5 1435.17
705.0 1436.1799999999998
705.5 1387.6599999999999
706.0 1422.4199999999998
706.5 1402.73
707.0 1348.0500000000002
707.5 1418.85
708.0 1422.4299999999998
708.5 1390.83
709.0 1402.5700000000002
709.5 1383.85
710.0 1406.3999999999999
710.5 1405.12
711.0 1394.4
711.5 1373.65
712.0 1382.37
712.5 1379.67
713.0 1383.6000000000001
713.5 1341.54
714.0 1402.5800000000002
714.5 1372.63
715.0 1207.22
715.5 1391.6100000000001
716.0 1384.3600000000001
716.5 1384.53
717.0 1394.0
717.5 1394.6100000000001
718.0 1390.5
718.5 1387.6599999999999
719.0 1318.94
719.5 1300.8000000000002
720.0 1374.05
720.5 1358.0600000000002
721.0 1292.3400000000001
721.5 1357.4
722.0 1354.1599999999999
722.5 1319.58
723.0 1359.87
723.5 1362.73
724.0 1364.62
724.5 1358.7
725.0 1362.99
725.5 1359.7399999999998
726.0 1364.19
726.5 1357.7
727.0 1347.56
727.5 1353.1299999999999
728.0 1335.31
728.5 1243.02
729.0 1327.37
729.5 1198.91
730.0 1342.46
730.5 1333.1299999999999
731.0 1247.8400000000001
731.5 1337.49
732.0 1335.27
732.5 1338.1899999999998
733.0 1327.83
733.5 1323.3000000000002
734.0 1335.2600000000002
734.5 1323.44
735.0 1328.62
735.5 1314.5900000000001
736.0 1304.09
736.5 1297.8999999999999
737.0 1325.65
737.5 1290.5
738.0 1325.6100000000001
738.5 1284.17
739.0 1219.1
739.5 1276.36
740.0 1313.98
740.5 1315.78
741.0 1312.75
741.5 1313.46
742.0 1289.5500000000002
742.5 1210.76
743.0 1303.85
743.5 1296.8799999999999
744.0 1296.6100000000001
744.5 1251.38
745.0 1260.24
745.5 1298.0099999999998
746.0 1295.52
746.5 1238.12
747.0 1294.52
747.5 1270.96
748.0 1278.01
748.5 1275.5800000000002
749.0 1290.18
749.5 1282.6
750.0 1280.43
750.5 1284.58
751.0 1261.21
751.5 1278.56
752.0 1280.53
752.5 1174.77
753.0 1273.3400000000001
753.5 1263.1399999999999
754.0 1270.99
754.5 1270.73
755.0 1240.98
755.5 1261.87
756.0 1249.7
756.5 1247.01
757.0 1250.6699999999998
757.5 1251.57
758.0 1262.79
758.5 1246.8300000000002
759.0 1237.71
759.5 1260.32
760.0 1253.55
760.5 1241.96
761.0 1256.43
761.5 1255.83
762.0 1218.88
762.5 1250.43
763.0 1238.1999999999998
763.5 1246.25
764.0 1241.55
764.5 1246.9499999999998
765.0 1231.48
765.5 1235.45
766.0 1128.81
766.5 1232.11
767.0 1235.12
767.5 1233.09
768.0 1229.1100000000001
768.5 1233.1100000000001
769.0 1218.48
769.5 1220.26
770.0 1220.71
770.5 1225.63
771.0 1224.97
771.5 1211.4
772.0 1222.61
772.5 1161.57
773.0 1128.36
773.5 1199.8600000000001
774.0 1215.11
774.5 1095.77
775.0 1133.54
775.5 1211.28
776.0 1210.8700000000001
776.5 1210.3700000000001
777.0 1209.23
777.5 1193.28
778.0 1204.5900000000001
778.5 1204.76
779.0 1198.92
779.5 1202.29
780.0 1127.63
780.5 1188.77
781.0 1129.07
781.5 1191.6299999999999
782.0 1194.74
782.5 1193.83
783.0 1192.41
783.5 1125.52
784.0 1184.24
784.5 1173.26
785.0 1185.02
785.5 1181.28
786.0 1183.6
786.5 1181.31
787.0 1180.78
787.5 1173.06
788.0 1160.21
788.5 1167.33
789.0 1172.02
789.5 1168.51
790.0 1167.77
790.5 1170.12
791.0 1164.4
791.5 1095.48
792.0 1092.69
792.5 1153.09
793.0 1151.03
793.5 1064.37
794.0 1090.73
794.5 1146.78
795.0 1155.54
795.5 1152.34
796.0 1153.24
796.5 1144.41
797.0 1151.2
797.5 1150.3799999999999
798.0 1145.31
798.5 1150.52
799.0 1121.6
799.5 1139.53
800.0 1136.1
800.5 1125.21
801.0 1127.0900000000001
801.5 1128.46
802.0 1131.81
802.5 1137.23
803.0 1068.16
803.5 1133.1
804.0 1133.47
804.5 1131.47
805.0 1064.97
805.5 1122.48
806.0 1123.1100000000001
806.5 1120.82
807.0 1116.6599999999999
807.5 1101.44
808.0 1115.6999999999998
808.5 1112.67
809.0 1119.08
809.5 1036.8899999999999
810.0 1092.15
810.5 1114.31
811.0 1102.8400000000001
811.5 1108.12
812.0 1108.81
812.5 1107.17
813.0 1102.6399999999999
813.5 1103.49
814.0 1101.13
814.5 1096.09
815.0 1099.69
815.5 1099.6
816.0 1102.4299999999998
816.5 1084.82
817.0 1091.6599999999999
817.5 1092.34
818.0 1092.51
818.5 978.463
819.0 1079.97
819.5 1083.56
820.0 1086.19
820.5 1083.27
821.0 1017.36
821.5 969.153
822.0 1086.12
822.5 1076.71
823.0 1080.13
823.5 1033.01
824.0 1072.3600000000001
824.5 1068.81
825.0 1031.45
825.5 1076.93
826.0 1067.19
826.5 1076.17
827.0 1067.07
827.5 1071.01
828.0 1071.87
828.5 1067.58
829.0 1054.41
829.5 1045.17
830.0 1058.1100000000001
830.5 1058.6499999999999
831.0 1056.6599999999999
831.5 1057.95
832.0 1057.96
832.5 1055.32
833.0 999.174
833.5 1023.1999999999999
834.0 1040.43
834.5 1033.0800000000002
835.0 1041.13
835.5 1050.6999999999998
836.0 1042.46
836.5 1050.09
837.0 1051.17
837.5 1034.3600000000001
838.0 1018.07
838.5 996.503
839.0 872.837
839.5 1046.37
840.0 1037.02
840.5 1036.08
841.0 1038.32
841.5 1007.57
842.0 1030.33
842.5 1010.9300000000001
843.0 1033.32
843.5 1035.56
844.0 1027.34
844.5 1034.06
845.0 1023.19
845.5 1032.01
846.0 1026.79
846.5 1030.68
847.0 993.041
847.5 1019.5999999999999
848.0 1021.9499999999999
848.5 1009.38
849.0 1013.68
849.5 1010.77
850.0 602.511
850.5 963.472
851.0 1016.5699999999999
851.5 1012.01
852.0 989.602
852.5 1002.77
853.0 978.0129999999999
853.5 976.164
854.0 876.47
854.5 432.14799999999997
855.0 915.641
855.5 979.5050000000001
856.0 971.5980000000001
856.5 989.5640000000001
857.0 994.864
857.5 994.287
858.0 1002.8199999999999
858.5 942.327
859.0 998.9749999999999
859.5 961.639
860.0 979.174
860.5 990.2280000000001
861.0 984.6899999999999
861.5 979.701
862.0 993.066
862.5 977.2249999999999
863.0 991.812
863.5 975.4470000000001
864.0 985.596
864.5 981.198
865.0 949.803
865.5 964.5050000000001
866.0 922.3520000000001
866.5 475.289
867.0 926.412
867.5 958.583
868.0 973.107
868.5 966.156
869.0 943.8890000000001
869.5 971.913
870.0 975.087
870.5 964.42
871.0 968.464
871.5 898.733
872.0 902.0999999999999
872.5 971.498
873.0 913.184
873.5 965.7080000000001
874.0 952.846
874.5 879.7280000000001
875.0 936.929
875.5 904.941
876.0 900.2460000000001
876.5 959.053
877.0 957.222
877.5 894.015
878.0 960.018
878.5 959.719
879.0 959.226
879.5 920.6759999999999
880.0 951.3800000000001
880.5 954.0640000000001
881.0 825.067
881.5 951.5139999999999
882.0 950.067
882.5 950.324
883.0 945.077
883.5 943.3299999999999
884.0 928.721
884.5 939.533
885.0 933.192
885.5 938.0219999999999
886.0 929.77
886.5 849.8480000000001
887.0 870.7470000000001
887.5 933.029
888.0 930.5039999999999
888.5 927.576
889.0 934.194
889.5 874.069
890.0 928.811
890.5 930.206
891.0 934.1469999999999
891.5 874.59
892.0 927.683
892.5 916.359
893.0 832.063
893.5 925.964
894.0 927.676
894.5 903.315
895.0 905.6959999999999
895.5 924.9079999999999
896.0 923.859
896.5 922.5329999999999
897.0 890.86
897.5 919.984
898.0 911.6769999999999
898.5 915.221
899.0 910.734
899.5 909.512
900.0 899.983
900.5 904.833
901.0 881.3389999999999
901.5 831.7560000000001
902.0 854.282
902.5 875.047
903.0 893.336
903.5 902.3050000000001
904.0 902.14
904.5 903.514
905.0 899.705
905.5 893.278
906.0 900.924
906.5 776.225
907.0 900.965
907.5 900.153
908.0 880.188
908.5 898.377
909.0 878.288
909.5 892.769
910.0 895.069
910.5 891.515
911.0 893.2909999999999
911.5 846.2900000000001
912.0 866.735
912.5 889.706
913.0 887.867
913.5 885.483
914.0 882.099
914.5 877.917
915.0 844.105
915.5 883.9879999999999
916.0 864.656
916.5 875.0920000000001
917.0 877.5799999999999
917.5 862.871
918.0 875.394
918.5 872.585
919.0 869.6389999999999
919.5 859.712
920.0 863.905
920.5 862.007
921.0 859.502
921.5 779.7629999999999
922.0 800.265
922.5 855.913
923.0 791.819
923.5 832.4079999999999
924.0 771.862
924.5 836.807
925.0 847.5360000000001
925.5 835.1510000000001
926.0 834.3129999999999
926.5 840.223
927.0 855.6870000000001
927.5 848.429
928.0 857.289
928.5 844.3330000000001
929.0 838.37
929.5 854.909
930.0 839.327
930.5 852.561
931.0 837.41
931.5 848.113
932.0 823.6579999999999
932.5 838.373
933.0 841.995
933.5 848.259
934.0 846.879
934.5 845.724
935.0 846.116
935.5 838.736
936.0 839.924
936.5 796.841
937.0 839.4849999999999
937.5 807.74
938.0 840.531
938.5 830.851
939.0 823.4730000000001
939.5 819.191
940.0 828.13
940.5 835.064
941.0 820.1569999999999
941.5 819.003
942.0 816.703
942.5 820.767
943.0 831.472
943.5 751.578
944.0 810.8799999999999
944.5 822.7549999999999
945.0 784.7750000000001
945.5 793.483
946.0 823.533
946.5 806.194
947.0 821.497
947.5 818.071
948.0 811.819
948.5 818.573
949.0 815.2030000000001
949.5 816.968
950.0 818.644
950.5 802.4599999999999
951.0 809.8770000000001
951.5 808.019
952.0 810.881
952.5 811.396
953.0 791.3240000000001
953.5 804.196
954.0 795.193
954.5 771.965
955.0 738.385
955.5 773.8800000000001
956.0 795.5939999999999
956.5 799.714
957.0 802.279
957.5 792.0999999999999
958.0 802.068
958.5 798.668
959.0 795.337
959.5 801.0519999999999
960.0 792.5920000000001
960.5 773.3230000000001
961.0 796.4459999999999
961.5 796.9499999999999
962.0 790.625
962.5 792.839
963.0 779.02
963.5 795.565
964.0 776.314
964.5 790.958
965.0 765.327
965.5 781.123
966.0 752.4559999999999
966.5 790.1800000000001
967.0 781.944
967.5 779.679
968.0 785.279
968.5 781.845
969.0 782.9359999999999
969.5 786.1400000000001
970.0 781.026
970.5 753.7810000000001
971.0 779.79
971.5 782.4490000000001
972.0 777.9380000000001
972.5 775.1999999999999
973.0 774.928
973.5 775.864
974.0 762.242
974.5 777.479
975.0 759.833
975.5 765.54
976.0 771.6949999999999
976.5 771.991
977.0 772.7460000000001
977.5 768.4680000000001
978.0 767.111
978.5 769.191
979.0 746.671
979.5 767.294
980.0 762.9309999999999
980.5 762.487
981.0 764.999
981.5 762.265
982.0 763.086
982.5 762.41
983.0 754.611
983.5 755.4000000000001
984.0 762.4110000000001
984.5 760.158
985.0 759.202
985.5 754.045
986.0 756.15
986.5 728.9350000000001
987.0 750.7330000000001
987.5 742.0029999999999
988.0 755.9879999999999
988.5 748.7739999999999
989.0 736.379
989.5 743.929
990.0 747.895
990.5 749.6899999999999
991.0 750.142
991.5 744.8520000000001
992.0 749.563
992.5 743.585
993.0 740.3530000000001
993.5 740.0509999999999
994.0 742.412
994.5 740.8839999999999
995.0 743.7560000000001
995.5 739.4780000000001
996.0 740.964
996.5 740.261
997.0 736.5300000000001
997.5 739.5889999999999
998.0 733.0500000000001
998.5 733.366
999.0 730.924
999.5 733.0509999999999
1000.0 723.1659999999999
1000.5 728.5429999999999
1000.9999999999999 732.197
1001.5 730.555
1002.0 729.0269999999999
1002.5 723.979
1002.9999999999999 726.2760000000001
1003.5000000000001 712.567
1004.0 695.683
1004.5 702.25
1004.9999999999999 658.613
1005.5000000000001 670.612
1006.0 690.652
1006.5 714.203
1006.9999999999999 714.461
1007.5000000000001 714.828
1008.0 716.557
1008.5 719.124
1008.9999999999999 717.478
1009.5000000000001 710.3969999999999
1010.0 719.55
1010.5 719.3340000000001
1010.9999999999999 719.1700000000001
1011.5000000000001 712.3199999999999
1012.0 717.971
1012.5 716.885
1012.9999999999999 715.78
1013.5000000000001 714.6429999999999
1014.0 707.842
1014.5 708.757
1014.9999999999999 712.838
1015.5000000000001 709.2149999999999
1016.0 709.341
1016.5 708.309
1016.9999999999999 697.6869999999999
1017.5000000000001 704.8000000000001
1018.0 709.154
1018.5 708.404
1018.9999999999999 706.8389999999999
1019.5000000000001 704.4029999999999
1020.0 704.64
1020.5 705.204
1020.9999999999999 704.391
1021.5000000000001 700.8580000000001
1022.0 686.961
1022.5 699.429
1022.9999999999999 695.446
1023.5000000000001 699.7750000000001
1024.0 697.4850000000001
1024.5 698.529
1025.0 698.605
1025.5 692.164
1026.0 696.3580000000001
1026.5 691.5120000000001
1027.0 695.127
1027.5 694.085
1028.0 687.8879999999999
1028.5 693.346
1029.0 692.552
1029.5 691.863
1030.0 685.5790000000001
1030.5 676.095
1031.0 686.4279999999999
1031.5 680.1229999999999
1032.0 687.1339999999999
1032.5 687.231
1033.0 596.117
1033.5 677.294
1034.0 684.699
1034.5 683.4159999999999
1035.0 678.3589999999999
1035.5 682.128
1036.0 681.123
1036.5 677.781
1037.0 679.922
1037.5 658.2810000000001
1038.0 677.981
1038.5 677.3820000000001
1039.0 676.223
1039.5 676.519
1040.0 659.788
1040.5 674.4029999999999
1041.0 649.684
1041.5 674.199
1042.0 670.2729999999999
1042.5 670.7850000000001
1043.0 662.557
1043.5 669.374
1044.0 669.751
1044.5 666.845
1045.0 667.484
1045.5 657.547
1046.0 637.228
1046.5 666.182
1047.0 665.6740000000001
1047.5 662.0010000000001
1048.0 663.223
1048.5 663.686
1049.0 659.9290000000001
1049.5 662.353
1050.0 657.865
1050.5 657.428
1051.0 659.742
1051.5 654.599
1052.0 655.3919999999999
1052.5 653.736
1053.0 657.76
1053.5 617.637
1054.0 655.992
1054.5 646.118
1055.0 653.612
1055.5 652.5749999999999
1056.0 650.41
1056.5 652.809
1057.0 651.867
1057.5 649.779
1058.0 638.98
1058.5 617.948
1059.0 642.8919999999999
1059.5 647.7379999999999
1060.0 644.358
1060.5 635.613
1061.0 646.18
1061.5 628.411
1062.0 637.29
1062.5 643.249
1063.0 608.559
1063.5 640.172
1064.0 641.166
1064.5 640.367
1065.0 636.409
1065.5 637.466
1066.0 638.7810000000001
1066.5 611.482
1067.0 634.602
1067.5 629.438
1068.0 634.561
1068.5 617.841
1069.0 631.336
1069.5 590.5360000000001
1070.0 633.153
1070.5 633.485
1071.0 567.919
1071.5 631.9060000000001
1072.0 630.9590000000001
1072.5 628.907
1073.0 528.693
1073.5 627.326
1074.0 628.3919999999999
1074.5 615.23
1075.0 619.177
1075.5 623.073
1076.0 626.256
1076.5 621.5930000000001
1077.0 624.313
1077.5 623.6419999999999
1078.0 623.4599999999999
1078.5 616.229
1079.0 493.35299999999995
1079.5 619.372
1080.0 618.601
1080.5 618.481
1081.0 617.072
1081.5 565.928
1082.0 614.737
1082.5 608.956
1083.0 421.064
1083.5 612.741
1084.0 615.593
1084.5 612.9440000000001
1085.0 607.555
1085.5 613.522
1086.0 612.9970000000001
1086.5 605.431
1087.0 603.773
1087.5 598.184
1088.0 608.595
1088.5 584.777
1089.0 607.3919999999999
1089.5 592.363
1090.0 600.315
1090.5 606.821
1091.0 605.581
1091.5 604.474
1092.0 602.695
1092.5 599.941
1093.0 586.715
1093.5 577.587
1094.0 507.425
1094.5 567.237
1095.0 584.88
1095.5 571.5250000000001
1096.0 521.855
1096.5 584.0849999999999
1097.0 579.4259999999999
1097.5 590.909
1098.0 589.507
1098.5 531.76
1099.0 584.467
1099.5 594.3489999999999
1100.0 586.135
1100.5 586.698
1101.0 589.3249999999999
1101.5 592.306
1102.0 572.667
1102.5 581.413
1103.0 584.059
1103.5 579.136
1104.0 585.913
1104.5 584.999
1105.0 585.9839999999999
1105.5 584.663
1106.0 586.189
1106.5 587.537
1107.0 582.776
1107.5 575.847
1108.0 585.6
1108.5 570.605
1109.0 583.033
1109.5 577.168
1110.0 574.3589999999999
1110.5 571.273
1111.0 582.048
1111.5 568.891
1112.0 579.562
1112.5 576.376
1113.0 579.148
1113.5 563.044
1114.0 578.528
1114.5 577.883
1115.0 571.333
1115.5 576.708
1116.0 552.0450000000001
1116.5 575.597
1117.0 566.907
1117.5 574.258
1118.0 573.5070000000001
1118.5 561.687
1119.0 548.363
1119.5 563.256
1120.0 523.803
1120.5 533.524
1121.0 569.2560000000001
1121.5 551.308
1122.0 569.219
1122.5 568.651
1123.0 565.389
1123.5 567.512
1124.0 550.029
1124.5 563.79
1125.0 565.755
1125.5 549.559
1126.0 564.4100000000001
1126.5 553.901
1127.0 563.559
1127.5 562.999
1128.0 544.367
1128.5 561.872
1129.0 555.487
1129.5 546.653
1130.0 541.305
1130.5 554.939
1131.0 555.418
1131.5 548.933
1132.0 557.457
1132.5 557.4
1133.0 556.897
1133.5 549.048
1134.0 555.812
1134.5 555.272
1135.0 554.5219999999999
1135.5 547.094
1136.0 549.307
1136.5 550.381
1137.0 549.765
1137.5 548.694
1138.0 549.42
1138.5 484.305
1139.0 543.714
1139.5 543.628
1140.0 548.945
1140.5 542.732
1141.0 546.048
1141.5 543.535
1142.0 538.357
1142.5 515.0350000000001
1143.0 544.7270000000001
1143.5 545.531
1144.0 538.0219999999999
1144.5 544.547
1145.0 542.475
1145.5 541.934
1146.0 538.427
1146.5 542.359
1147.0 541.318
1147.5 530.592
1148.0 540.537
1148.5 532.6270000000001
1149.0 533.37
1149.5 539.44
1150.0 538.933
1150.5 528.004
1151.0 528.62
1151.5 536.715
1152.0 532.39
1152.5 524.198
1153.0 534.825
1153.5 535.371
1154.0 534.859
1154.5 530.563
1155.0 533.844
1155.5 533.0830000000001
1156.0 532.851
1156.5 532.349
1157.0 531.5400000000001
1157.5 521.6089999999999
1158.0 530.68
1158.5 530.338
1159.0 529.7099999999999
1159.5 463.60900000000004
1160.0 528.104
1160.5 525.259
1161.0 506.214
1161.5 497.819
1162.0 525.7
1162.5 524.783
1163.0 516.751
1163.5 524.762
1164.0 524.5559999999999
1164.5 507.399
1165.0 523.05
1165.5 522.149
1166.0 505.957
1166.5 521.717
1167.0 520.403
1167.5 517.912
1168.0 520.927
1168.5 513.401
1169.0 519.788
1169.5 519.25
1170.0 518.626
1170.5 518.044
1171.0 518.018
1171.5 511.86300000000006
1172.0 516.75
1172.5 516.304
1173.0 516.023
1173.5 515.5980000000001
1174.0 510.89599999999996
1174.5 514.373
1175.0 510.63899999999995
1175.5 502.973
1176.0 509.616
1176.5 512.6850000000001
1177.0 509.754
1177.5 508.07099999999997
1178.0 502.847
1178.5 502.509
1179.0 510.094
1179.5 509.485
1180.0 507.30899999999997
1180.5 501.962
1181.0 508.18100000000004
1181.5 501.661
1182.0 506.909
1182.5 503.98400000000004
1183.0 445.81000000000006
1183.5 494.096
1184.0 502.749
1184.5 495.447
1185.0 504.433
1185.5 504.031
1186.0 500.567
1186.5 498.53700000000003
1187.0 502.611
1187.5 501.329
1188.0 499.207
1188.5 493.88100000000003
1189.0 500.677
1189.5 497.286
1190.0 493.24800000000005
1190.5 498.65900000000005
1191.0 498.80499999999995
1191.5 498.36
1192.0 497.89
1192.5 494.94500000000005
1193.0 494.144
1193.5 496.397
1194.0 492.224
1194.5 492.927
1195.0 494.952
1195.5 494.446
1196.0 491.535
1196.5 493.67400000000004
1197.0 493.2
1197.5 486.85
1198.0 491.869
1198.5 482.48600000000005
1199.0 481.609
1199.5 364.93699999999995
1200.0 490.05899999999997
1200.5 489.947
1201.0 487.716
1201.5 488.938
1202.0 487.472
1202.5 487.66700000000003
1203.0 484.97
1203.5 315.25600000000003
1204.0 483.96700000000004
1204.5 483.655
1205.0 485.76099999999997
1205.5 484.39300000000003
1206.0 483.424
1206.5 484.45799999999997
1207.0 484.00399999999996
1207.5 483.53900000000004
1208.0 482.96999999999997
1208.5 435.994
1209.0 478.88
1209.5 479.71
1210.0 481.28
1210.5 473.613
1211.0 478.08500000000004
1211.5 470.60499999999996
1212.0 478.519
1212.5 479.052
1213.0 478.34299999999996
1213.5 475.829
1214.0 471.225
1214.5 477.083
1215.0 473.995
1215.5 476.125
1216.0 475.908
1216.5 475.075
1217.0 474.906
1217.5 474.085
1218.0 471.984
1218.5 470.09000000000003
1219.0 473.286
1219.5 466.769
1220.0 470.075
1220.5 470.658
1221.0 470.531
1221.5 469.68899999999996
1222.0 462.187
1222.5 470.195
1223.0 456.404
1223.5 469.18100000000004
1224.0 467.733
1224.5 467.732
1225.0 468.08
1225.5 465.642
1226.0 465.974
1226.5 462.558
1227.0 466.11400000000003
1227.5 441.856
1228.0 465.375
1228.5 464.384
1229.0 464.654
1229.5 455.069
1230.0 457.194
1230.5 460.396
1231.0 462.87300000000005
1231.5 458.403
1232.0 460.05400000000003
1232.5 461.475
1233.0 461.334
1233.5 457.86400000000003
1234.0 457.20799999999997
1234.5 459.09999999999997
1235.0 458.822
1235.5 452.055
1236.0 457.70899999999995
1236.5 458.435
1237.0 455.866
1237.5 457.569
1238.0 457.194
1238.5 456.004
1239.0 456.38
1239.5 455.49399999999997
1240.0 442.73699999999997
1240.5 454.101
1241.0 451.192
1241.5 453.083
1242.0 452.71099999999996
1242.5 452.05199999999996
1243.0 451.526
1243.5 445.06500000000005
1244.0 447.41100000000006
1244.5 451.24699999999996
1245.0 450.043
1245.5 449.084
1246.0 442.496
1246.5 448.544
1247.0 449.717
1247.5 449.092
1248.0 440.89
1248.5 448.287
1249.0 448.255
1249.5 447.69
1250.0 446.851
1250.5 446.991
1251.0 446.705
1251.5 444.38800000000003
1252.0 445.891
1252.5 420.67
1253.0 444.29499999999996
1253.5 443.93399999999997
1254.0 443.677
1254.5 443.31000000000006
1255.0 443.24
1255.5 442.812
1256.0 433.06600000000003
1256.5 422.893
1257.0 441.925
1257.5 437.328
1258.0 440.863
1258.5 417.427
1259.0 437.243
1259.5 437.646
1260.0 438.69100000000003
1260.5 417.312
1261.0 437.86499999999995
1261.5 428.14599999999996
1262.0 429.58599999999996
1262.5 437.63800000000003
1263.0 436.082
1263.5 428.931
1264.0 433.01699999999994
1264.5 436.06600000000003
1265.0 434.87
1265.5 433.777
1266.0 434.697
1266.5 434.37600000000003
1267.0 430.70500000000004
1267.5 430.727
1268.0 432.165
1268.5 428.083
1269.0 432.40900000000005
1269.5 432.04200000000003
1270.0 429.578
1270.5 431.19599999999997
1271.0 430.75800000000004
1271.5 430.212
1272.0 429.87
1272.5 429.385
1273.0 428.519
1273.5 428.432
1274.0 426.05400000000003
1274.5 426.73299999999995
1275.0 425.29600000000005
1275.5 426.241
1276.0 425.361
1276.5 424.964
1277.0 423.80600000000004
1277.5 423.364
1278.0 421.102
1278.5 421.26199999999994
1279.0 418.678
1279.5 418.04200000000003
1280.0 415.307
1280.5 412.544
1281.0 402.062
1281.5 394.02500000000003
1282.0 345.79200000000003
1282.5 372.747
1283.0 397.404
1283.5 401.608
1284.0 408.714
1284.5 411.61
1285.0 409.931
1285.5 415.33099999999996
1286.0 415.952
1286.5 415.94
1287.0 415.80100000000004
1287.5 414.139
1288.0 415.76700000000005
1288.5 416.00700000000006
1289.0 415.89799999999997
1289.5 416.125
1290.0 407.846
1290.5 415.124
1291.0 415.469
1291.5 415.16700000000003
1292.0 408.07099999999997
1292.5 413.91599999999994
1293.0 413.697
1293.5 412.92499999999995
1294.0 411.726
1294.5 412.541
1295.0 411.562
1295.5 412.19
1296.0 411.904
1296.5 411.115
1297.0 411.725
1297.5 411.012
1298.0 385.302
1298.5 410.079
1299.0 409.173
1299.5 409.98199999999997
1300.0 409.50899999999996
1300.5 405.719
1301.0 397.656
1301.5 407.867
1302.0 408.084
1302.5 407.86299999999994
1303.0 407.504
1303.5 387.407
1304.0 406.234
1304.5 406.421
1305.0 405.737
1305.5 405.717
1306.0 405.29600000000005
1306.5 403.952
1307.0 403.919
1307.5 404.067
1308.0 403.304
1308.5 403.56699999999995
1309.0 395.193
1309.5 402.431
1310.0 402.347
1310.5 380.53499999999997
1311.0 401.769
1311.5 401.406
1312.0 401.028
1312.5 397.111
1313.0 399.349
1313.5 399.85799999999995
1314.0 399.426
1314.5 398.241
1315.0 398.746
1315.5 347.67699999999996
1316.0 398.16200000000003
1316.5 397.83099999999996
1317.0 397.259
1317.5 396.884
1318.0 342.56500000000005
1318.5 396.31
1319.0 396.064
1319.5 395.625
1320.0 394.12399999999997
1320.5 391.062
1321.0 394.65000000000003
1321.5 393.701
1322.0 393.369
1322.5 393.527
1323.0 393.235
1323.5 391.46000000000004
1324.0 392.527
1324.5 392.175
1325.0 391.62300000000005
1325.5 390.61
1326.0 391.11899999999997
1326.5 385.172
1327.0 390.41499999999996
1327.5 390.067
1328.0 389.715
1328.5 359.48
1329.0 377.406
1329.5 386.208
1330.0 388.317
1330.5 387.52000000000004
1331.0 387.612
1331.5 387.24800000000005
1332.0 386.85499999999996
1332.5 386.563
1333.0 366.297
1333.5 385.87699999999995
1334.0 385.53
1334.5 385.18399999999997
1335.0 383.75100000000003
1335.5 377.199
1336.0 384.14700000000005
1336.5 383.801
1337.0 383.457
1337.5 383.11300000000006
1338.0 382.769
1338.5 381.92100000000005
1339.0 382.04099999999994
1339.5 369.469
1340.0 381.39099999999996
1340.5 381.04999999999995
1341.0 380.70799999999997
1341.5 380.366
1342.0 373.243
1342.5 379.682
1343.0 379.34
1343.5 373.794
1344.0 378.657
1344.5 378.315
1345.0 377.975
1345.5 377.63599999999997
1346.0 377.297
1346.5 376.954
1347.0 376.619
1347.5 376.28
1348.0 375.941
1348.5 375.60200000000003
1349.0 375.164
1349.5 374.929
1350.0 372.536
1350.5 363.49899999999997
1351.0 373.88599999999997
1351.5 373.59000000000003
1352.0 373.255
1352.5 372.832
1353.0 372.585
1353.5 372.254
1354.0 371.923
1354.5 371.592
1355.0 371.261
1355.5 370.89599999999996
1356.0 370.599
1356.5 370.256
1357.0 367.36899999999997
1357.5 369.61
1358.0 369.283
1358.5 368.957
1359.0 368.63
1359.5 368.304
1360.0 367.977
1360.5 366.40500000000003
1361.0 367.32399999999996
1361.5 367.0
1362.0 366.678
1362.5 366.35699999999997
1363.0 339.718
1363.5 365.298
1364.0 365.392
1364.5 365.071
1365.0 364.74899999999997
1365.5 364.42900000000003
1366.0 363.972
1366.5 363.795
1367.0 360.60699999999997
1367.5 363.16200000000003
1368.0 362.845
1368.5 362.528
1369.0 362.211
1369.5 361.89500000000004
1370.0 361.58299999999997
1370.5 361.235
1371.0 360.96200000000005
1371.5 315.577
1372.0 360.34
1372.5 359.534
1373.0 359.718
1373.5 359.407
1374.0 359.09999999999997
1374.5 356.61
1375.0 358.487
1375.5 358.17900000000003
1376.0 357.877
1376.5 357.571
1377.0 357.265
1377.5 355.43100000000004
1378.0 348.82800000000003
1378.5 356.355
1379.0 356.05400000000003
1379.5 354.97700000000003
1380.0 355.452
1380.5 355.15099999999995
1381.0 354.85
1381.5 354.54900000000004
1382.0 354.25
1382.5 353.954
1383.0 353.658
1383.5 353.36199999999997
1384.0 353.06600000000003
1384.5 352.736
1385.0 352.474
1385.5 352.178
1386.0 351.882
1386.5 351.591
1387.0 351.297
1387.5 345.71599999999995
1388.0 350.71500000000003
1388.5 350.326
1389.0 350.13199999999995
1389.5 349.84000000000003
1390.0 344.90200000000004
1390.5 349.26099999999997
1391.0 348.914
1391.5 348.68699999999995
1392.0 348.40000000000003
1392.5 348.11300000000006
1393.0 347.826
1393.5 347.53999999999996
1394.0 347.253
1394.5 346.11899999999997
1395.0 346.685
1395.5 346.40099999999995
1396.0 343.863
1396.5 345.83399999999995
1397.0 332.05899999999997
1397.5 345.267
1398.0 344.984
1398.5 344.701
1399.0 344.42100000000005
1399.5 344.14099999999996
1400.0 337.80500000000006
1400.5 343.581
1401.0 340.84299999999996
1401.5 343.021
1402.0 342.741
1402.5 342.418
1403.0 331.762
1403.5 341.909
1404.0 341.633
1404.5 341.356
1405.0 341.08
1405.5 340.804
1406.0 340.042
1406.5 338.381
1407.0 339.975
1407.5 339.70399999999995
1408.0 338.904
1408.5 329.38699999999994
1409.0 338.88399999999996
1409.5 338.611
1410.0 338.31899999999996
1410.5 338.032
1411.0 337.79200000000003
1411.5 337.51199999999994
1412.0 337.24899999999997
1412.5 303.154
1413.0 336.233
1413.5 336.43500000000006
1414.0 336.166
1414.5 334.683
1415.0 335.62600000000003
1415.5 335.358
1416.0 333.044
1416.5 333.30899999999997
1417.0 328.312
1417.5 334.008
1418.0 334.019
1418.5 332.689
1419.0 333.484
1419.5 333.219
1420.0 332.22700000000003
1420.5 327.86499999999995
1421.0 324.54099999999994
1421.5 328.791
1422.0 331.89300000000003
1422.5 298.433
1423.0 329.159
1423.5 331.098
1424.0 302.486
1424.5 329.894
1425.0 330.312
1425.5 304.087
1426.0 329.78700000000003
1426.5 328.92600000000004
1427.0 329.265
1427.5 328.6
1428.0 322.178
1428.5 327.115
1429.0 317.003
1429.5 325.361
1430.0 327.673
1430.5 324.47299999999996
1431.0 323.438
1431.5 326.928
1432.0 326.522
1432.5 326.372
1433.0 326.154
1433.5 311.538
1434.0 324.699
1434.5 325.38200000000006
1435.0 323.25699999999995
1435.5 323.893
1436.0 324.42100000000005
1436.5 318.496
1437.0 316.577
1437.5 323.53999999999996
1438.0 323.59499999999997
1438.5 323.341
1439.0 323.055
1439.5 304.819
1440.0 319.613
1440.5 269.89
1441.0 317.086
1441.5 321.805
1442.0 320.86799999999994
1442.5 307.3
1443.0 320.76700000000005
1443.5 315.811
1444.0 319.455
1444.5 311.394
1445.0 319.887
1445.5 319.804
1446.0 314.3
1446.5 311.063
1447.0 311.925
1447.5 316.57800000000003
1448.0 313.79
1448.5 307.788
1449.0 305.927
1449.5 317.798
1450.0 317.37
1450.5 317.301
1451.0 317.001
1451.5 303.078
1452.0 315.777
1452.5 316.007
1453.0 313.77099999999996
1453.5 315.45799999999997
1454.0 315.493
1454.5 307.337
1455.0 312.651
1455.5 308.642
1456.0 299.603
1456.5 314.337
1457.0 269.494
1457.5 313.865
1458.0 312.683
1458.5 308.782
1459.0 313.149
1459.5 310.852
1460.0 311.082
1460.5 311.876
1461.0 312.12399999999997
1461.5 306.69
1462.0 294.081
1462.5 307.708
1463.0 309.711
1463.5 306.573
1464.0 309.332
1464.5 307.346
1465.0 309.682
1465.5 278.342
1466.0 306.542
1466.5 309.552
1467.0 309.266
1467.5 309.042
1468.0 303.262
1468.5 307.361
1469.0 308.311
1469.5 307.781
1470.0 305.121
1470.5 297.955
1471.0 307.373
1471.5 302.635
1472.0 304.295
1472.5 306.311
1473.0 306.191
1473.5 305.365
1474.0 305.901
1474.5 299.856
1475.0 303.398
1475.5 300.466
1476.0 305.051
1476.5 304.803
1477.0 302.00399999999996
1477.5 300.307
1478.0 295.388
1478.5 299.59700000000004
1479.0 303.671
1479.5 301.999
1480.0 302.93600000000004
1480.5 301.711
1481.0 299.486
1481.5 298.907
1482.0 301.845
1482.5 300.747
1483.0 263.533
1483.5 299.50800000000004
1484.0 298.85200000000003
1484.5 287.833
1485.0 299.733
1485.5 291.479
1486.0 297.028
1486.5 284.027
1487.0 292.87600000000003
1487.5 283.751
1488.0 247.817
1488.5 279.26300000000003
1489.0 286.674
1489.5 294.271
1490.0 295.17900000000003
1490.5 297.957
1491.0 297.113
1491.5 287.648
1492.0 295.046
1492.5 297.553
1493.0 294.17
1493.5 296.745
1494.0 294.966
1494.5 296.365
1495.0 295.283
1495.5 296.18600000000004
1496.0 253.638
1496.5 295.483
1497.0 295.546
1497.5 295.092
1498.0 295.097
1498.5 290.796
1499.0 294.211
1499.5 294.10900000000004
1500.0 293.653
1500.5 293.793
1501.0 292.498
1501.5 290.576
1502.0 289.084
1502.5 278.358
1503.0 213.69599999999997
1503.5 279.667
1504.0 283.39
1504.5 205.436
1505.0 274.194
1505.5 267.57
1506.0 290.788
1506.5 291.07399999999996
1507.0 290.744
1507.5 290.799
1508.0 289.909
1508.5 288.404
1509.0 289.373
1509.5 289.376
1510.0 262.026
1510.5 288.11699999999996
1511.0 286.485
1511.5 288.751
1512.0 287.462
1512.5 283.315
1513.0 287.176
1513.5 288.044
1514.0 267.13599999999997
1514.5 287.76099999999997
1515.0 286.371
1515.5 286.985
1516.0 286.887
1516.5 273.13300000000004
1517.0 285.41
1517.5 285.49399999999997
1518.0 284.346
1518.5 285.43600000000004
1519.0 283.14
1519.5 285.537
1520.0 284.008
1520.5 282.073
1521.0 283.385
1521.5 283.312
1522.0 283.96999999999997
1522.5 280.19
1523.0 281.169
1523.5 279.53700000000003
1524.0 282.894
1524.5 282.061
1525.0 271.612
1525.5 280.87800000000004
1526.0 282.63100000000003
1526.5 277.919
1527.0 281.832
1527.5 280.987
1528.0 280.875
1528.5 280.866
1529.0 278.388
1529.5 272.04200000000003
1530.0 262.493
1530.5 277.087
1531.0 273.137
1531.5 279.755
1532.0 277.68
1532.5 279.192
1533.0 279.546
1533.5 276.969
1534.0 247.611
1534.5 277.003
1535.0 275.115
1535.5 278.029
1536.0 278.235
1536.5 270.704
1537.0 277.654
1537.5 277.39300000000003
1538.0 267.285
1538.5 275.173
1539.0 276.775
1539.5 276.69599999999997
1540.0 240.60500000000002
1540.5 270.579
1541.0 275.98199999999997
1541.5 274.324
1542.0 273.82
1542.5 273.681
1543.0 274.238
1543.5 274.895
1544.0 273.711
1544.5 274.387
1545.0 274.32
1545.5 269.22
1546.0 272.484
1546.5 272.12399999999997
1547.0 272.344
1547.5 271.057
1548.0 262.40200000000004
1548.5 271.953
1549.0 268.22700000000003
1549.5 260.971
1550.0 269.189
1550.5 243.38799999999998
1551.0 271.169
1551.5 270.961
1552.0 269.61
1552.5 270.35
1553.0 270.725
1553.5 265.269
1554.0 268.522
1554.5 262.64099999999996
1555.0 269.54699999999997
1555.5 253.91899999999998
1556.0 249.85399999999998
1556.5 256.498
1557.0 264.924
1557.5 266.774
1558.0 266.283
1558.5 265.49199999999996
1559.0 268.03499999999997
1559.5 244.147
1560.0 266.857
1560.5 267.483
1561.0 253.793
1561.5 257.354
1562.0 265.851
1562.5 250.008
1563.0 265.652
1563.5 260.706
1564.0 265.541
1564.5 265.29699999999997
1565.0 259.681
1565.5 264.997
1566.0 264.861
1566.5 260.753
1567.0 254.103
1567.5 254.907
1568.0 261.19
1568.5 257.518
1569.0 240.26700000000002
1569.5 257.137
1570.0 259.173
1570.5 260.688
1571.0 262.195
1571.5 261.192
1572.0 256.911
1572.5 261.12100000000004
1573.0 260.533
1573.5 258.045
1574.0 259.908
1574.5 187.29199999999997
1575.0 254.721
1575.5 242.41299999999998
1576.0 257.18399999999997
1576.5 249.098
1577.0 160.737
1577.5 219.667
1578.0 258.201
1578.5 259.647
1579.0 254.25
1579.5 258.428
1580.0 259.008
1580.5 256.922
1581.0 256.905
1581.5 241.006
1582.0 255.10500000000002
1582.5 255.035
1583.0 253.39300000000003
1583.5 257.704
1584.0 228.995
1584.5 250.87099999999998
1585.0 254.388
1585.5 256.363
1586.0 256.803
1586.5 251.82600000000002
1587.0 253.946
1587.5 253.128
1588.0 254.049
1588.5 247.899
1589.0 230.88899999999998
1589.5 234.134
1590.0 228.106
1590.5 247.08300000000003
1591.0 225.578
1591.5 239.723
1592.0 254.25799999999998
1592.5 218.382
1593.0 254.339
1593.5 253.557
1594.0 253.943
1594.5 249.24
1595.0 247.342
1595.5 253.048
1596.0 244.40300000000002
1596.5 200.219
1597.0 243.49599999999998
1597.5 248.89399999999998
1598.0 252.35199999999998
1598.5 201.82
1599.0 252.13899999999998
1599.5 251.703
1600.0 251.79500000000002
1600.5 250.993
1601.0 230.961
1601.5 246.77499999999998
1602.0 243.249
1602.5 244.44600000000003
1603.0 250.01000000000002
1603.5 248.832
1604.0 249.235
1604.5 209.619
1605.0 247.334
1605.5 249.045
1606.0 247.74
1606.5 219.48399999999998
1607.0 247.94
1607.5 236.09000000000003
1608.0 225.546
1608.5 246.96300000000002
1609.0 246.311
1609.5 243.104
1610.0 218.714
1610.5 227.77
1611.0 243.214
1611.5 242.82800000000003
1612.0 219.756
1612.5 244.32600000000002
1613.0 208.89600000000002
1613.5 240.52499999999998
1614.0 236.39299999999997
1614.5 245.18599999999998
1615.0 245.243
1615.5 227.076
1616.0 235.647
1616.5 243.169
1617.0 214.022
1617.5 240.95
1618.0 231.542
1618.5 218.318
1619.0 221.049
1619.5 243.108
1620.0 226.351
1620.5 241.195
1621.0 241.82999999999998
1621.5 242.174
1622.0 198.462
1622.5 242.93
1623.0 221.662
1623.5 238.50400000000002
1624.0 227.152
1624.5 236.405
1625.0 233.462
1625.5 240.60199999999998
1626.0 241.005
1626.5 239.764
1627.0 240.677
1627.5 240.625
1628.0 239.68699999999998
1628.5 238.891
1629.0 232.17
1629.5 238.846
1630.0 239.12
1630.5 237.05200000000002
1631.0 238.108
1631.5 218.05900000000003
1632.0 217.212
1632.5 236.31900000000002
1633.0 234.68099999999998
1633.5 234.37
1634.0 235.20499999999998
1634.5 235.792
1635.0 231.502
1635.5 234.541
1636.0 233.51600000000002
1636.5 233.041
1637.0 214.894
1637.5 232.363
1638.0 231.088
1638.5 187.23700000000002
1639.0 230.149
1639.5 228.814
1640.0 224.04
1640.5 227.671
1641.0 219.354
1641.5 224.136
1642.0 223.304
1642.5 227.21499999999997
1643.0 227.205
1643.5 226.77700000000002
1644.0 217.96500000000003
1644.5 214.70300000000003
1645.0 206.519
1645.5 228.635
1646.0 225.80100000000002
1646.5 228.14
1647.0 227.289
1647.5 226.21099999999998
1648.0 228.908
1648.5 222.059
1649.0 220.577
1649.5 228.539
1650.0 227.364
1650.5 228.776
1651.0 220.228
1651.5 228.458
1652.0 227.091
1652.5 225.70799999999997
1653.0 217.378
1653.5 227.47199999999998
1654.0 225.51999999999998
1654.5 220.31900000000002
1655.0 224.236
1655.5 221.00400000000002
1656.0 225.492
1656.5 219.48399999999998
1657.0 226.28799999999998
1657.5 224.66000000000003
1658.0 225.004
1658.5 224.901
1659.0 222.18599999999998
1659.5 223.005
1660.0 222.99
1660.5 223.724
1661.0 223.952
1661.5 223.87599999999998
1662.0 223.474
1662.5 222.034
1663.0 219.89100000000002
1663.5 221.85
1664.0 221.70100000000002
1664.5 222.442
1665.0 207.119
1665.5 218.883
1666.0 221.703
1666.5 213.237
1667.0 199.041
1667.5 221.129
1668.0 219.74900000000002
1668.5 174.01700000000002
1669.0 208.25099999999998
1669.5 219.787
1670.0 219.707
1670.5 219.332
1671.0 218.734
1671.5 218.355
1672.0 218.129
1672.5 209.798
1673.0 212.15499999999997
1673.5 216.981
1674.0 216.937
1674.5 216.143
1675.0 215.924
1675.5 150.718
1676.0 214.83100000000002
1676.5 201.346
1677.0 213.31600000000003
1677.5 213.39200000000002
1678.0 211.20100000000002
1678.5 211.406
1679.0 210.61900000000003
1679.5 209.845
1680.0 207.839
1680.5 202.642
1681.0 204.62099999999998
1681.5 205.16400000000002
1682.0 200.564
1682.5 186.04600000000002
1683.0 208.49099999999999
1683.5 209.41400000000002
1684.0 209.12800000000001
1684.5 210.013
1685.0 210.33999999999997
1685.5 210.327
1686.0 203.254
1686.5 210.666
1687.0 207.779
1687.5 208.56400000000002
1688.0 206.567
1688.5 210.363
1689.0 207.379
1689.5 168.97400000000002
1690.0 206.89800000000002
1690.5 208.963
1691.0 209.513
1691.5 208.943
1692.0 209.791
1692.5 209.805
1693.0 208.882
1693.5 206.112
1694.0 208.903
1694.5 208.865
1695.0 204.002
1695.5 208.601
1696.0 206.878
1696.5 204.41400000000002
1697.0 205.958
1697.5 194.015
1698.0 207.478
1698.5 207.344
1699.0 207.62699999999998
1699.5 207.385
1700.0 200.97000000000003
1700.5 199.66899999999998
1701.0 186.401
1701.5 197.825
1702.0 206.101
1702.5 203.567
1703.0 205.852
1703.5 205.29699999999997
1704.0 205.521
1704.5 205.316
1705.0 194.603
1705.5 204.862
1706.0 204.233
1706.5 203.41899999999998
1707.0 193.09
1707.5 202.416
1708.0 198.047
1708.5 203.571
1709.0 201.76500000000001
1709.5 202.88
1710.0 202.424
1710.5 200.81900000000002
1711.0 196.176
1711.5 179.114
1712.0 199.95000000000002
1712.5 199.788
1713.0 201.17899999999997
1713.5 199.096
1714.0 200.84499999999997
1714.5 200.928
1715.0 200.90800000000002
1715.5 200.58800000000002
1716.0 200.245
1716.5 194.71599999999998
1717.0 198.291
1717.5 199.804
1718.0 199.55100000000002
1718.5 198.77700000000002
1719.0 198.85999999999999
1719.5 197.39999999999998
1720.0 198.13199999999998
1720.5 194.939
1721.0 184.33599999999998
1721.5 197.579
1722.0 197.425
1722.5 196.645
1723.0 163.54199999999997
1723.5 195.621
1724.0 189.179
1724.5 195.349
1725.0 195.601
1725.5 194.711
1726.0 194.52
1726.5 194.77
1727.0 194.44600000000003
1727.5 193.495
1728.0 174.392
1728.5 191.63
1729.0 192.776
1729.5 192.211
1730.0 190.474
1730.5 190.112
1731.0 190.747
1731.5 185.972
1732.0 189.517
1732.5 187.553
1733.0 177.29199999999997
1733.5 185.753
1734.0 184.303
1734.5 181.10399999999998
1735.0 183.348
1735.5 178.154
1736.0 179.696
1736.5 174.615
1737.0 177.404
1737.5 180.14299999999997
1738.0 180.74
1738.5 183.09699999999998
1739.0 183.97400000000002
1739.5 181.61100000000002
1740.0 185.099
1740.5 179.702
1741.0 181.799
1741.5 180.667
1742.0 186.082
1742.5 185.728
1743.0 186.132
1743.5 186.579
1744.0 186.32999999999998
1744.5 186.228
1745.0 186.417
1745.5 183.29899999999998
1746.0 179.396
1746.5 184.351
1747.0 184.624
1747.5 180.03
1748.0 182.83100000000002
1748.5 180.54
1749.0 186.161
1749.5 186.038
1750.0 184.41
1750.5 180.885
1751.0 170.54
1751.5 185.07000000000002
1752.0 183.28900000000002
1752.5 181.309
1753.0 182.03199999999998
1753.5 184.704
1754.0 180.23
1754.5 184.282
1755.0 181.0
1755.5 182.163
1756.0 178.341
1756.5 183.674
1757.0 183.474
1757.5 179.35
1758.0 181.596
1758.5 165.428
1759.0 183.03699999999998
1759.5 182.222
1760.0 182.573
1760.5 182.248
1761.0 169.482
1761.5 181.1
1762.0 179.799
1762.5 181.20999999999998
1763.0 181.255
1763.5 176.91
1764.0 179.667
1764.5 179.516
1765.0 180.15699999999998
1765.5 180.676
1766.0 180.49399999999997
1766.5 180.293
1767.0 180.024
1767.5 179.916
1768.0 179.487
1768.5 179.53199999999998
1769.0 177.84199999999998
1769.5 177.62
1770.0 175.41699999999997
1770.5 178.06799999999998
1771.0 177.924
1771.5 177.00900000000001
1772.0 177.7
1772.5 172.299
1773.0 177.745
1773.5 177.42899999999997
1774.0 176.615
1774.5 169.524
1775.0 176.481
1775.5 175.873
1776.0 171.76100000000002
1776.5 175.90800000000002
1777.0 170.11700000000002
1777.5 167.853
1778.0 175.025
1778.5 175.80200000000002
1779.0 175.59699999999998
1779.5 173.186
1780.0 175.022
1780.5 174.416
1781.0 174.876
1781.5 172.832
1782.0 170.287
1782.5 174.214
1783.0 168.498
1783.5 171.722
1784.0 166.896
1784.5 172.36999999999998
1785.0 163.689
1785.5 173.149
1786.0 173.09699999999998
1786.5 172.82800000000003
1787.0 172.13899999999998
1787.5 172.577
1788.0 171.971
1788.5 168.064
1789.0 169.476
1789.5 167.39499999999998
1790.0 170.564
1790.5 171.49699999999999
1791.0 169.35500000000002
1791.5 171.15200000000002
1792.0 170.84199999999998
1792.5 169.679
1793.0 169.51
1793.5 149.728
1794.0 170.152
1794.5 167.562
1795.0 169.725
1795.5 169.627
1796.0 166.597
1796.5 168.31199999999998
1797.0 168.31600000000003
1797.5 167.749
1798.0 167.81199999999998
1798.5 161.697
1799.0 166.03300000000002
1799.5 168.103
1800.0 167.899
1800.5 160.874
1801.0 163.686
1801.5 164.975
1802.0 158.42700000000002
1802.5 163.89600000000002
1803.0 166.077
1803.5 160.946
1804.0 159.546
1804.5 158.905
1805.0 165.432
1805.5 161.588
1806.0 150.861
1806.5 165.115
1807.0 161.692
1807.5 164.846
1808.0 163.404
1808.5 164.26600000000002
1809.0 157.226
1809.5 152.734
1810.0 161.74
1810.5 162.82399999999998
1811.0 155.97
1811.5 162.392
1812.0 158.15
1812.5 157.74699999999999
1813.0 160.2
1813.5 160.244
1814.0 159.057
1814.5 152.942
1815.0 144.824
1815.5 157.511
1816.0 150.853
1816.5 154.713
1817.0 152.728
1817.5 149.046
1818.0 146.974
1818.5 150.809
1819.0 153.047
1819.5 135.75300000000001
1820.0 155.453
1820.5 155.71300000000002
1821.0 156.893
1821.5 156.708
1822.0 157.641
1822.5 155.132
1823.0 152.151
1823.5 154.957
1824.0 157.876
1824.5 158.33
1825.0 157.776
1825.5 158.414
1826.0 158.411
1826.5 158.38400000000001
1827.0 158.3
1827.5 158.226
1828.0 152.999
1828.5 158.124
1829.0 140.56
1829.5 157.999
1830.0 156.60500000000002
1830.5 157.584
1831.0 156.85
1831.5 157.12199999999999
1832.0 156.67
1832.5 143.105
1833.0 157.0
1833.5 156.914
1834.0 157.054
1834.5 155.943
1835.0 156.804
1835.5 156.245
1836.0 156.548
1836.5 151.707
1837.0 153.272
1837.5 152.666
1838.0 135.81300000000002
1838.5 136.84900000000002
1839.0 155.75300000000001
1839.5 155.313
1840.0 151.576
1840.5 129.513
1841.0 155.099
1841.5 153.77800000000002
1842.0 139.235
1842.5 147.467
1843.0 153.385
1843.5 144.862
1844.0 151.362
1844.5 152.71
1845.0 153.846
1845.5 148.441
1846.0 153.49099999999999
1846.5 147.233
1847.0 117.034
1847.5 152.49599999999998
1848.0 142.892
1848.5 144.24099999999999
1849.0 147.172
1849.5 151.941
1850.0 150.346
1850.5 146.73
1851.0 152.36599999999999
1851.5 150.294
1852.0 152.106
1852.5 150.942
1853.0 141.417
1853.5 151.607
1854.0 151.529
1854.5 151.343
1855.0 144.734
1855.5 150.643
1856.0 137.256
1856.5 150.809
1857.0 150.65699999999998
1857.5 150.036
1858.0 149.587
1858.5 146.639
1859.0 138.85
1859.5 149.801
1860.0 141.49200000000002
1860.5 149.469
1861.0 149.469
1861.5 145.868
1862.0 149.138
1862.5 149.007
1863.0 147.65800000000002
1863.5 148.674
1864.0 148.501
1864.5 148.229
1865.0 148.18
1865.5 146.715
1866.0 141.774
1866.5 147.433
1867.0 147.409
1867.5 147.195
1868.0 146.74
1868.5 146.71200000000002
1869.0 146.431
1869.5 146.118
1870.0 140.65099999999998
1870.5 145.393
1871.0 143.52100000000002
1871.5 143.93599999999998
1872.0 141.99099999999999
1872.5 142.226
1873.0 139.886
1873.5 139.60399999999998
1874.0 130.953
1874.5 133.225
1875.0 126.516
1875.5 94.8194
1876.0 119.83000000000001
1876.5 130.478
1877.0 135.262
1877.5 137.29
1878.0 137.625
1878.5 140.664
1879.0 141.217
1879.5 141.769
1880.0 142.187
1880.5 140.468
1881.0 142.535
1881.5 142.612
1882.0 142.639
1882.5 135.532
1883.0 142.58800000000002
1883.5 142.465
1884.0 142.52100000000002
1884.5 142.404
1885.0 135.008
1885.5 138.149
1886.0 141.92399999999998
1886.5 141.916
1887.0 141.95
1887.5 140.1
1888.0 141.424
1888.5 140.123
1889.0 135.631
1889.5 137.239
1890.0 141.239
1890.5 140.572
1891.0 134.12800000000001
1891.5 140.838
1892.0 119.73599999999999
1892.5 140.571
1893.0 137.637
1893.5 131.692
1894.0 138.963
1894.5 139.97299999999998
1895.0 132.68800000000002
1895.5 133.551
1896.0 121.98
1896.5 138.31799999999998
1897.0 139.269
1897.5 132.364
1898.0 139.179
1898.5 139.063
1899.0 138.888
1899.5 138.798
1900.0 137.781
1900.5 138.481
1901.0 133.748
1901.5 138.264
1902.0 138.169
1902.5 137.99099999999999
1903.0 137.694
1903.5 132.218
1904.0 137.617
1904.5 137.546
1905.0 137.179
1905.5 137.298
1906.0 137.173
1906.5 136.367
1907.0 136.872
1907.5 136.444
1908.0 135.521
1908.5 136.332
1909.0 136.208
1909.5 136.296
1910.0 134.847
1910.5 134.167
1911.0 135.921
1911.5 126.775
1912.0 132.845
1912.5 135.571
1913.0 132.662
1913.5 135.13400000000001
1914.0 135.203
1914.5 135.08100000000002
1915.0 134.959
1915.5 134.663
1916.0 134.434
1916.5 133.88
1917.0 134.36
1917.5 133.983
1918.0 133.77
1918.5 133.203
1919.0 133.816
1919.5 132.036
1920.0 108.25900000000001
1920.5 132.246
1921.0 133.155
1921.5 132.386
1922.0 133.085
1922.5 129.769
1923.0 132.974
1923.5 132.421
1924.0 132.714
1924.5 132.401
1925.0 132.326
1925.5 132.348
1926.0 130.595
1926.5 125.9
1927.0 131.947
1927.5 131.314
1928.0 131.662
1928.5 131.049
1929.0 129.519
1929.5 131.26
1930.0 130.776
1930.5 129.76000000000002
1931.0 129.769
1931.5 109.304
1932.0 130.496
1932.5 130.352
1933.0 127.733
1933.5 130.016
1934.0 129.322
1934.5 123.046
1935.0 129.279
1935.5 129.26999999999998
1936.0 128.457
1936.5 127.723
1937.0 128.286
1937.5 127.842
1938.0 128.096
1938.5 127.75999999999999
1939.0 124.454
1939.5 126.783
1940.0 122.819
1940.5 126.128
1941.0 125.755
1941.5 121.135
1942.0 124.58399999999999
1942.5 123.554
1943.0 116.25299999999999
1943.5 117.765
1944.0 117.561
1944.5 116.197
1945.0 110.27900000000001
1945.5 114.237
1946.0 116.97699999999999
1946.5 120.126
1947.0 121.18299999999999
1947.5 118.183
1948.0 122.90100000000001
1948.5 123.508
1949.0 114.37799999999999
1949.5 123.915
1950.0 121.228
1950.5 124.08699999999999
1951.0 116.57600000000001
1951.5 118.995
1952.0 124.835
1952.5 124.884
1953.0 124.906
1953.5 124.904
1954.0 124.497
1954.5 124.079
1955.0 124.58600000000001
1955.5 124.79100000000001
1956.0 124.69300000000001
1956.5 124.497
1957.0 124.643
1957.5 124.588
1958.0 124.505
1958.5 124.28399999999999
1959.0 122.252
1959.5 124.207
1960.0 123.896
1960.5 123.283
1961.0 123.982
1961.5 123.37400000000001
1962.0 117.782
1962.5 123.748
1963.0 123.63300000000001
1963.5 123.557
1964.0 117.54400000000001
1964.5 117.95500000000001
1965.0 123.201
1965.5 123.153
1966.0 123.049
1966.5 122.922
1967.0 122.471
1967.5 122.708
1968.0 121.96199999999999
1968.5 122.517
1969.0 120.79700000000001
1969.5 122.299
1970.0 121.509
1970.5 122.07900000000001
1971.0 121.965
1971.5 121.612
1972.0 120.28
1972.5 118.876
1973.0 115.109
1973.5 120.80600000000001
1974.0 112.43
1974.5 120.935
1975.0 121.006
1975.5 120.97300000000001
1976.0 120.862
1976.5 120.627
1977.0 120.629
1977.5 120.173
1978.0 118.574
1978.5 118.692
1979.0 119.886
1979.5 119.957
1980.0 119.914
1980.5 119.655
1981.0 119.309
1981.5 119.641
1982.0 107.529
1982.5 119.345
1983.0 119.003
1983.5 119.193
1984.0 118.976
1984.5 118.96100000000001
1985.0 118.45
1985.5 118.607
1986.0 116.639
1986.5 118.39
1987.0 118.316
1987.5 118.318
1988.0 118.208
1988.5 118.096
1989.0 117.81
1989.5 117.85399999999998
1990.0 117.372
1990.5 117.638
1991.0 117.54899999999999
1991.5 117.01499999999999
1992.0 117.123
1992.5 116.871
1993.0 116.637
1993.5 104.535
1994.0 110.17099999999999
1994.5 115.403
1995.0 116.662
1995.5 113.512
1996.0 116.49
1996.5 116.34
1997.0 115.083
1997.5 115.325
1998.0 111.423
1998.5 115.965
1999.0 115.861
1999.5 115.758
2000.0 115.654
2000.5000000000002 115.306
2001.0 115.39099999999999
2001.5 115.058
2001.9999999999998 115.238
2002.5 115.056
2003.0 108.422
2003.4999999999998 114.744
2004.0 114.81400000000001
2004.5000000000002 114.119
2005.0 114.613
2005.5 113.917
2005.9999999999998 113.223
2006.5 114.27
2007.0000000000002 113.542
2007.4999999999998 113.35499999999999
2008.0 114.011
2008.5000000000002 113.848
2009.0 113.79899999999999
2009.5 113.544
2009.9999999999998 113.485
2010.5 113.507
2011.0000000000002 113.357
2011.4999999999998 112.458
2012.0 113.156
2012.5000000000002 112.813
2013.0 112.962
2013.5 112.90800000000002
2013.9999999999998 112.81
2014.5 112.69999999999999
2015.0000000000002 112.54899999999999
2015.4999999999998 112.46499999999999
2016.0 112.41199999999999
2016.5000000000002 112.127
2017.0 111.709
2017.5 112.115
2017.9999999999998 111.65800000000002
2018.5 111.648
2019.0000000000002 111.815
2019.4999999999998 111.723
2020.0 111.47
2020.5000000000002 111.526
2021.0 111.42699999999999
2021.5 110.984
2021.9999999999998 111.21600000000001
2022.5 111.111
2023.0000000000002 111.03300000000002
2023.4999999999998 110.83399999999999
2024.0 110.83399999999999
2024.5000000000002 109.887
2025.0 110.607
2025.5 110.18299999999999
2025.9999999999998 109.785
2026.5 110.248
2027.0000000000002 107.8
2027.4999999999998 109.801
2028.0 110.06500000000001
2028.5000000000002 109.84400000000001
2029.0 109.476
2029.5 109.065
2029.9999999999998 108.99900000000001
2030.5 109.411
2031.0000000000002 109.435
2031.4999999999998 109.26
2032.0 108.771
2032.5000000000002 109.191
2033.0 109.05799999999999
2033.5 106.546
2033.9999999999998 108.848
2034.5 108.81500000000001
2035.0000000000002 102.858
2035.4999999999998 106.32300000000001
2036.0 108.499
2036.5000000000002 108.43400000000001
2037.0 107.863
2037.5 107.905
2037.9999999999998 108.08099999999999
2038.5 105.25800000000001
2039.0000000000002 107.90800000000002
2039.4999999999998 107.628
2040.0 107.726
2040.5000000000002 107.67099999999999
2041.0 106.986
2041.5 107.488
2041.9999999999998 106.21499999999999
2042.5 107.238
2043.0000000000002 107.202
2043.4999999999998 106.934
2044.0 106.951
2044.5000000000002 106.768
2045.0 104.645
2045.5 106.485
2045.9999999999998 106.505
2046.5 106.531
2047.0000000000002 106.40100000000001
2047.4999999999998 105.852
2048.0 105.336
2048.5 106.09400000000001
2049.0 104.904
2049.5 105.95599999999999
2050.0 104.57499999999999
2050.5 105.51299999999999
2051.0 105.71300000000001
2051.5 104.83000000000001
2052.0 105.466
2052.5 105.351
2053.0 105.33200000000001
2053.5 105.18
2054.0 104.917
2054.5 104.70599999999999
2055.0 104.941
2055.5 104.848
2056.0 104.412
2056.5 104.374
2057.0 103.458
2057.5 104.381
2058.0 103.95899999999999
2058.5 104.266
2059.0 97.5695
2059.5 104.146
2060.0 103.54799999999999
2060.5 102.208
2061.0 102.615
2061.5 103.756
2062.0 103.078
2062.5 103.56099999999999
2063.0 103.453
2063.5 86.512
2064.0 102.75399999999999
2064.5 103.2
2065.0 102.956
2065.5 102.685
2066.0 102.95400000000001
2066.5 102.82600000000001
2067.0 102.732
2067.5 102.446
2068.0 102.202
2068.5 102.47500000000001
2069.0 102.324
2069.5 102.28899999999999
2070.0 101.999
2070.5 93.3212
2071.0 101.976
2071.5 101.43299999999999
2072.0 101.533
2072.5 101.73500000000001
2073.0 101.169
2073.5 101.57400000000001
2074.0 101.22500000000001
2074.5 101.35400000000001
2075.0 101.07300000000001
2075.5 100.969
2076.0 101.089
2076.5 100.982
2077.0 100.907
2077.5 100.65799999999999
2078.0 100.78200000000001
2078.5 100.679
2079.0 100.602
2079.5 100.38
2080.0 99.73169999999999
2080.5 97.1132
2081.0 86.99730000000001
2081.5 100.11200000000001
2082.0 99.3571
2082.5 99.6842
2083.0 99.8556
2083.5 99.1572
2084.0 99.52489999999999
2084.5 98.8861
2085.0 98.9978
2085.5 99.3726
2086.0 99.2303
2086.5 99.2381
2087.0 99.0592
2087.5 98.8879
2088.0 98.6833
2088.5 98.8981
2089.0 98.80160000000001
2089.5 98.2691
2090.0 98.38929999999999
2090.5 98.5114
2091.0 98.37180000000001
2091.5 97.9701
2092.0 97.6566
2092.5 96.8976
2093.0 98.0248
2093.5 98.0067
2094.0 97.55000000000001
2094.5 97.7749
2095.0 97.7509
2095.5 97.5223
2096.0 97.37389999999999
2096.5 97.3804
2097.0 97.0531
2097.5 97.0969
2098.0 97.0525
2098.5 97.01729999999999
2099.0 96.9358
2099.5 96.91839999999999
2100.0 96.8777
2100.5 96.7904
2101.0 96.68979999999999
2101.5 96.5608
2102.0 96.2314
2102.5 96.44059999999999
2103.0 95.5293
2103.5 96.2413
2104.0 96.1255
2104.5 95.85549999999999
2105.0 95.711
2105.5 95.3364
2106.0 94.73150000000001
2106.5 85.0583
2107.0 92.72399999999999
2107.5 94.8343
2108.0 95.3033
2108.5 95.19019999999999
2109.0 94.2235
2109.5 95.0848
2110.0 92.29050000000001
2110.5 94.9004
2111.0 94.5094
2111.5 94.47710000000001
2112.0 94.4645
2112.5 94.7036
2113.0 91.1904
2113.5 93.848
2114.0 93.7261
2114.5 92.12400000000001
2115.0 93.1361
2115.5 93.35660000000001
2116.0 93.697
2116.5 93.80499999999999
2117.0 78.6351
2117.5 93.7092
2118.0 93.5519
2118.5 93.0749
2119.0 93.6225
2119.5 93.1433
2120.0 92.06
2120.5 92.99889999999999
2121.0 90.3818
2121.5 90.9108
2122.0 91.84979999999999
2122.5 93.0832
2123.0 92.13250000000001
2123.5 92.9531
2124.0 92.9069
2124.5 90.38740000000001
2125.0 92.6876
2125.5 92.2356
2126.0 92.4228
2126.5 87.91629999999999
2127.0 92.29950000000001
2127.5 92.3525
2128.0 92.2288
2128.5 92.2155
2129.0 91.7078
2129.5 91.9366
2130.0 91.2918
2130.5 91.7609
2131.0 91.7438
2131.5 91.62440000000001
2132.0 91.66629999999999
2132.5 91.40169999999999
2133.0 90.9468
2133.5 91.21499999999999
2134.0 91.3304
2134.5 91.1256
2135.0 91.0668
2135.5 91.06139999999999
2136.0 69.0721
2136.5 90.8898
2137.0 90.7943
2137.5 88.7151
2138.0 90.1629
2138.5 90.3842
2139.0 90.4903
2139.5 87.661
2140.0 90.4203
2140.5 90.36429999999999
2141.0 90.2482
2141.5 90.26339999999999
2142.0 90.13640000000001
2142.5 90.00389999999999
2143.0 89.755
2143.5 87.6048
2144.0 89.7083
2144.5 89.3191
2145.0 88.3117
2145.5 88.97840000000001
2146.0 88.98429999999999
2146.5 85.8674
2147.0 89.39489999999999
2147.5 88.12129999999999
2148.0 89.1769
2148.5 88.8733
2149.0 88.5268
2149.5 87.92020000000001
2150.0 88.8259
2150.5 88.85419999999999
2151.0 88.7808
2151.5 88.6219
2152.0 88.39460000000001
2152.5 88.48979999999999
2153.0 87.9384
2153.5 88.32570000000001
2154.0 88.18289999999999
2154.5 87.9316
2155.0 87.9571
2155.5 87.9356
2156.0 87.6155
2156.5 87.6857
2157.0 87.5304
2157.5 87.4516
2158.0 87.31629999999998
2158.5 87.2909
2159.0 87.10990000000001
2159.5 86.9198
2160.0 86.4246
2160.5 86.449
2161.0 86.453
2161.5 86.2201
2162.0 84.95509999999999
2162.5 85.6339
2163.0 84.9261
2163.5 84.5682
2164.0 84.1181
2164.5 83.0736
2165.0 81.62010000000001
2165.5 78.4361
2166.0 73.1564
2166.5 76.46849999999999
2167.0 80.2638
2167.5 82.1012
2168.0 83.1899
2168.5 83.7584
2169.0 84.2309
2169.5 84.46889999999999
2170.0 84.5937
2170.5 84.2561
2171.0 84.7842
2171.5 84.8254
2172.0 85.0654
2172.5 85.0222
2173.0 84.978
2173.5 84.88569999999999
2174.0 84.83779999999999
2174.5 85.02980000000001
2175.0 85.0457
2175.5 85.0051
2176.0 83.8608
2176.5 84.7119
2177.0 84.8031
2177.5 84.1893
2178.0 84.73280000000001
2178.5 74.3105
2179.0 84.36070000000001
2179.5 84.25179999999999
2180.0 84.50189999999999
2180.5 84.46600000000001
2181.0 84.1393
2181.5 84.40289999999999
2182.0 83.56299999999999
2182.5 76.8608
2183.0 84.1277
2183.5 84.04650000000001
2184.0 83.8617
2184.5 83.624
2185.0 83.96039999999999
2185.5 83.89229999999999
2186.0 83.83200000000001
2186.5 83.43629999999999
2187.0 83.3037
2187.5 83.18110000000001
2188.0 77.8053
2188.5 67.5216
2189.0 83.1604
2189.5 83.2349
2190.0 81.99799999999999
2190.5 83.16420000000001
2191.0 83.16919999999999
2191.5 82.9949
2192.0 83.03200000000001
2192.5 82.864
2193.0 82.51689999999999
2193.5 82.7189
2194.0 82.7088
2194.5 82.59700000000001
2195.0 82.578
2195.5 82.54530000000001
2196.0 82.3819
2196.5 82.22670000000001
2197.0 82.0832
2197.5 82.2719
2198.0 82.16139999999999
2198.5 82.1065
2199.0 81.9641
2199.5 80.30430000000001
2200.0 81.80680000000001
2200.5 81.22640000000001
2201.0 81.23060000000001
2201.5 81.47970000000001
2202.0 81.52329999999999
2202.5 81.588
2203.0 81.5242
2203.5 81.4682
2204.0 81.42139999999999
2204.5 81.3248
2205.0 81.2815
2205.5 81.04749999999999
2206.0 80.4381
2206.5 80.2351
2207.0 77.5013
2207.5 80.7454
2208.0 80.7051
2208.5 80.6821
2209.0 67.0564
2209.5 80.4499
2210.0 80.6249
2210.5 80.4993
2211.0 80.4931
2211.5 80.4143
2212.0 80.32249999999999
2212.5 80.2841
2213.0 80.0047
2213.5 80.12370000000001
2214.0 79.8677
2214.5 79.9488
2215.0 79.9075
2215.5 79.894
2216.0 79.8296
2216.5 79.7426
2217.0 79.6687
2217.5 79.5547
2218.0 79.3942
2218.5 79.35810000000001
2219.0 79.44149999999999
2219.5 79.3232
2220.0 79.2394
2220.5 79.1091
2221.0 79.1011
2221.5 79.0878
2222.0 79.04690000000001
2222.5 78.96029999999999
2223.0 78.91720000000001
2223.5 78.7123
2224.0 78.6864
2224.5 78.65599999999999
2225.0 78.3421
2225.5 78.5529
2226.0 78.5082
2226.5 77.8287
2227.0 78.3499
2227.5 78.3329
2228.0 77.3625
2228.5 78.1135
2229.0 78.1472
2229.5 78.08449999999999
2230.0 77.9435
2230.5 77.8509
2231.0 77.8886
2231.5 77.81609999999999
2232.0 77.7578
2232.5 77.703
2233.0 77.5482
2233.5 77.4433
2234.0 77.5107
2234.5 77.434
2235.0 76.9246
2235.5 77.1882
2236.0 77.2506
2236.5 77.1281
2237.0 77.1254
2237.5 77.0384
2238.0 76.8857
2238.5 76.6866
2239.0 76.6459
2239.5 76.78829999999999
2240.0 76.1217
2240.5 76.6911
2241.0 76.6191
2241.5 76.3729
2242.0 75.835
2242.5 75.90259999999999
2243.0 75.8418
2243.5 76.28490000000001
2244.0 76.2565
2244.5 76.1799
2245.0 75.9156
2245.5 76.0666
2246.0 76.006
2246.5 75.9447
2247.0 75.82849999999999
2247.5 75.78960000000001
2248.0 69.637
2248.5 75.5349
2249.0 75.4967
2249.5 75.5702
2250.0 74.4494
2250.5 75.1361
2251.0 75.31869999999999
2251.5 74.71390000000001
2252.0 75.08539999999999
2252.5 72.2234
2253.0 75.0187
2253.5 75.0262
2254.0 74.89
2254.5 73.45
2255.0 74.8552
2255.5 74.7708
2256.0 74.41159999999999
2256.5 74.6567
2257.0 71.0829
2257.5 74.44709999999999
2258.0 74.4219
2258.5 73.6122
2259.0 74.4094
2259.5 74.28219999999999
2260.0 74.1607
2260.5 74.155
2261.0 74.1412
2261.5 70.8372
2262.0 73.9576
2262.5 71.2382
2263.0 72.2614
2263.5 73.65350000000001
2264.0 73.3645
2264.5 73.7228
2265.0 71.2272
2265.5 73.1731
2266.0 69.69330000000001
2266.5 73.46860000000001
2267.0 73.0522
2267.5 73.33109999999999
2268.0 73.2635
2268.5 73.2593
2269.0 73.1367
2269.5 73.0974
2270.0 73.0572
2270.5 72.9752
2271.0 72.9471
2271.5 71.8622
2272.0 72.7475
2272.5 72.711
2273.0 72.6956
2273.5 72.5789
2274.0 72.56739999999999
2274.5 72.3514
2275.0 72.3399
2275.5 72.4096
2276.0 72.1703
2276.5 71.8369
2277.0 72.2354
2277.5 72.14489999999999
2278.0 72.1293
2278.5 72.07300000000001
2279.0 71.8963
2279.5 71.8634
2280.0 71.3707
2280.5 71.3841
2281.0 70.7287
2281.5 57.7025
2282.0 70.8183
2282.5 71.4023
2283.0 71.4768
2283.5 71.2501
2284.0 71.2894
2284.5 71.3715
2285.0 71.2978
2285.5 71.2501
2286.0 71.1965
2286.5 71.09689999999999
2287.0 71.06569999999999
2287.5 70.9708
2288.0 70.9654
2288.5 70.8446
2289.0 70.7232
2289.5 69.9319
2290.0 70.7227
2290.5 70.59020000000001
2291.0 70.5087
2291.5 70.38560000000001
2292.0 70.4177
2292.5 70.4308
2293.0 70.1772
2293.5 67.222
2294.0 68.0206
2294.5 69.8279
2295.0 68.2226
2295.5 69.83869999999999
2296.0 68.51180000000001
2296.5 69.766
2297.0 69.1497
2297.5 69.8529
2298.0 69.7947
2298.5 68.1537
2299.0 69.2362
2299.5 69.5444
2300.0 69.5616
2300.5 67.2185
2301.0 69.4724
2301.5 69.413
2302.0 69.3143
2302.5 69.3027
2303.0 67.0646
2303.5 69.13759999999999
2304.0 68.9654
2304.5 68.6454
2305.0 68.9563
2305.5 68.9653
2306.0 67.1803
2306.5 68.85340000000001
2307.0 68.6876
2307.5 68.7283
2308.0 68.1347
2308.5 68.6157
2309.0 67.92500000000001
2309.5 68.5105
2310.0 67.9511
2310.5 68.4
2311.0 68.332
2311.5 68.1488
2312.0 68.2415
2312.5 67.17229999999999
2313.0 68.08709999999999
2313.5 68.0403
2314.0 68.0127
2314.5 67.901
2315.0 64.6582
2315.5 67.59179999999999
2316.0 67.46809999999999
2316.5 67.727
2317.0 65.3857
2317.5 67.41460000000001
2318.0 64.3126
2318.5 67.1924
2319.0 66.875
2319.5 66.9915
2320.0 67.34740000000001
2320.5 67.1189
2321.0 67.068
2321.5 66.97149999999999
2322.0 66.9323
2322.5 66.641
2323.0 63.7725
2323.5 65.1995
2324.0 64.3867
2324.5 66.4523
2325.0 66.6843
2325.5 66.4289
2326.0 66.6107
2326.5 66.1079
2327.0 66.519
2327.5 65.4237
2328.0 65.5086
2328.5 65.56099999999999
2329.0 66.29260000000001
2329.5 63.69970000000001
2330.0 66.277
2330.5 66.2068
2331.0 64.91590000000001
2331.5 64.5781
2332.0 64.3801
2332.5 65.9721
2333.0 65.8977
2333.5 65.327
2334.0 65.6652
2334.5 65.7982
2335.0 65.642
2335.5 55.0656
2336.0 65.555
2336.5 65.5847
2337.0 65.4549
2337.5 65.3512
2338.0 63.9679
2338.5 56.7933
2339.0 64.7282
2339.5 65.2136
2340.0 65.2163
2340.5 64.5496
2341.0 64.87129999999999
2341.5 62.975300000000004
2342.0 65.0271
2342.5 64.8993
2343.0 64.7437
2343.5 64.8542
2344.0 64.09530000000001
2344.5 64.5371
2345.0 64.5953
2345.5 64.1906
2346.0 64.5726
2346.5 64.50999999999999
2347.0 64.5016
2347.5 64.4633
2348.0 64.228
2348.5 64.3597
2349.0 64.2861
2349.5 64.2175
2350.0 64.2016
2350.5 64.0124
2351.0 63.969899999999996
2351.5 64.04010000000001
2352.0 63.747299999999996
2352.5 57.3676
2353.0 62.1345
2353.5 62.7946
2354.0 62.897
2354.5 61.4752
2355.0 63.24080000000001
2355.5 63.4811
2356.0 62.2542
2356.5 61.493399999999994
2357.0 62.7186
2357.5 62.153
2358.0 63.3702
2358.5 60.959599999999995
2359.0 62.876000000000005
2359.5 62.787
2360.0 62.75489999999999
2360.5 62.5208
2361.0 63.0416
2361.5 62.1341
2362.0 63.037400000000005
2362.5 60.656800000000004
2363.0 62.101699999999994
2363.5 61.9911
2364.0 62.8939
2364.5 62.5346
2365.0 62.7977
2365.5 61.5762
2366.0 62.7138
2366.5 59.81099999999999
2367.0 61.9877
2367.5 62.44799999999999
2368.0 61.954
2368.5 62.2271
2369.0 60.037000000000006
2369.5 62.4646
2370.0 60.269000000000005
2370.5 61.4789
2371.0 62.2053
2371.5 62.0317
2372.0 62.050200000000004
2372.5 60.1935
2373.0 60.67059999999999
2373.5 62.014500000000005
2374.0 61.4265
2374.5 62.0045
2375.0 61.992399999999996
2375.5 61.6928
2376.0 61.924400000000006
2376.5 61.266600000000004
2377.0 61.7239
2377.5 61.77590000000001
2378.0 60.1566
2378.5 61.4957
2379.0 61.525600000000004
2379.5 59.436400000000006
2380.0 61.0727
2380.5 61.2222
2381.0 59.589299999999994
2381.5 61.47
2382.0 61.306799999999996
2382.5 61.2953
2383.0 55.839
2383.5 59.5268
2384.0 60.2862
2384.5 59.12
2385.0 55.5655
2385.5 58.6195
2386.0 59.4258
2386.5 53.4481
2387.0 59.765
2387.5 60.4561
2388.0 59.299099999999996
2388.5 60.2851
2389.0 60.8303
2389.5 59.245400000000004
2390.0 60.2391
2390.5 59.8956
2391.0 59.332300000000004
2391.5 60.4243
2392.0 60.3727
2392.5 59.953500000000005
2393.0 58.6431
2393.5 59.5012
2394.0 60.397499999999994
2394.5 59.3394
2395.0 60.1379
2395.5 60.0202
2396.0 56.4276
2396.5 59.8572
2397.0 60.1295
2397.5 59.8201
2398.0 57.7332
2398.5 59.886799999999994
2399.0 59.3369
2399.5 59.890600000000006
2400.0 58.5094
2400.5 59.567800000000005
2401.0 59.184
2401.5 59.1499
2402.0 59.5599
2402.5 59.6454
2403.0 58.4818
2403.5 59.438700000000004
2404.0 59.3308
2404.5 59.1124
2405.0 59.0288
2405.5 58.9293
2406.0 59.3413
2406.5 59.2785
2407.0 57.79600000000001
2407.5 59.173
2408.0 59.1542
2408.5 57.3687
2409.0 56.9502
2409.5 59.028400000000005
2410.0 57.5454
2410.5 58.9166
2411.0 58.6271
2411.5 57.732299999999995
2412.0 58.567
2412.5 58.5869
2413.0 58.5021
2413.5 57.6429
2414.0 58.485699999999994
2414.5 56.5548
2415.0 57.153099999999995
2415.5 56.4257
2416.0 57.6746
2416.5 56.510999999999996
2417.0 56.1751
2417.5 57.4138
2418.0 58.1837
2418.5 57.1377
2419.0 57.4688
2419.5 57.3485
2420.0 56.39319999999999
2420.5 56.131299999999996
2421.0 57.7043
2421.5 57.884299999999996
2422.0 57.34270000000001
2422.5 56.457300000000004
2423.0 57.2793
2423.5 57.0798
2424.0 57.732400000000005
2424.5 57.2392
2425.0 57.5596
2425.5 56.740399999999994
2426.0 57.4992
2426.5 56.9353
2427.0 56.671899999999994
2427.5 56.8187
2428.0 57.2173
2428.5 55.680899999999994
2429.0 55.843199999999996
2429.5 56.8175
2430.0 56.906800000000004
2430.5 57.0544
2431.0 55.8729
2431.5 54.9988
2432.0 56.5
2432.5 56.5438
2433.0 56.7147
2433.5 56.8201
2434.0 53.7829
2434.5 56.7182
2435.0 56.6479
2435.5 54.514199999999995
2436.0 56.5726
2436.5 56.5878
2437.0 55.841
2437.5 56.52250000000001
2438.0 54.992900000000006
2438.5 56.148999999999994
2439.0 56.0707
2439.5 56.343500000000006
2440.0 56.3081
2440.5 56.2487
2441.0 54.899899999999995
2441.5 56.0945
2442.0 56.108900000000006
2442.5 55.9404
2443.0 55.8362
2443.5 56.0005
2444.0 55.9526
2444.5 55.849399999999996
2445.0 55.1213
2445.5 55.7498
2446.0 54.5542
2446.5 53.9409
2447.0 54.386599999999994
2447.5 53.406000000000006
2448.0 54.4209
2448.5 54.7647
2449.0 54.5619
2449.5 52.855
2450.0 55.4238
2450.5 53.8522
2451.0 54.8743
2451.5 54.001099999999994
2452.0 54.560199999999995
2452.5 54.431799999999996
2453.0 53.873400000000004
2453.5 54.257799999999996
2454.0 54.3206
2454.5 54.4503
2455.0 54.582800000000006
2455.5 48.671499999999995
2456.0 54.6862
2456.5 52.8029
2457.0 53.8901
2457.5 53.1675
2458.0 54.278800000000004
2458.5 54.463100000000004
2459.0 54.397999999999996
2459.5 53.7113
2460.0 54.4768
2460.5 54.4864
2461.0 54.224
2461.5 54.37649999999999
2462.0 53.31
2462.5 53.660399999999996
2463.0 52.5612
2463.5 54.2484
2464.0 54.2055
2464.5 53.2284
2465.0 53.31400000000001
2465.5 50.68469999999999
2466.0 54.0464
2466.5 54.0176
2467.0 53.730599999999995
2467.5 53.9163
2468.0 53.8858
2468.5 53.603899999999996
2469.0 52.7719
2469.5 53.647999999999996
2470.0 52.999700000000004
2470.5 52.504
2471.0 53.6205
2471.5 52.7894
2472.0 52.377
2472.5 53.4704
2473.0 53.308400000000006
2473.5 50.43
2474.0 53.3099
2474.5 53.3474
2475.0 53.308499999999995
2475.5 53.1909
2476.0 53.214800000000004
2476.5 52.7702
2477.0 53.1427
2477.5 53.063900000000004
2478.0 52.3768
2478.5 53.0176
2479.0 50.6811
2479.5 52.4792
2480.0 52.2406
2480.5 43.0382
2481.0 49.358000000000004
2481.5 51.9222
2482.0 52.1145
2482.5 43.000800000000005
2483.0 52.243500000000004
2483.5 51.948
2484.0 51.6198
2484.5 52.5192
2485.0 51.9032
2485.5 51.3818
2486.0 52.158699999999996
2486.5 49.6499
2487.0 49.975899999999996
2487.5 51.589099999999995
2488.0 51.955600000000004
2488.5 51.716699999999996
2489.0 50.8579
2489.5 51.6374
2490.0 51.5445
2490.5 51.740899999999996
2491.0 51.0453
2491.5 51.8865
2492.0 51.8424
2492.5 51.873
2493.0 48.9762
2493.5 51.7878
2494.0 51.493399999999994
2494.5 50.3043
2495.0 51.0313
2495.5 51.6301
2496.0 51.5347
2496.5 50.491200000000006
2497.0 50.9269
2497.5 51.3861
2498.0 51.2642
2498.5 51.3424
2499.0 50.852199999999996
2499.5 51.2948
2500.0 51.194199999999995
